Accuracy: 0.9
[[95  1  0  0  0  1  0  0  0  0]
 [ 0 94  0  1  0  0  0  0  0  0]
 [ 1  7 98  0  1  0  1  3  0  0]
 [ 0  2  0 99  0  1  0  1  0  0]
 [ 0 11  1  0 83  0  0  0  0  0]
 [ 1  1  0  7  0 87  1  0  0  0]
 [ 0  7  0  0  1  0 98  0  0  0]
 [ 0 10  0  0  1  0  0 83  0  3]
 [ 0  6  0  6  0  1  0  2 72  0]
 [ 0  2  0  0  4  0  0 15  0 91]]
              precision    recall  f1-score   support

           0       0.98      0.98      0.98        97
           1       0.67      0.99      0.80        95
           2       0.99      0.88      0.93       111
           3       0.88      0.96      0.92       103
           4       0.92      0.87      0.90        95
           5       0.97      0.90      0.93        97
           6       0.98      0.92      0.95       106
           7       0.80      0.86      0.83        97
           8       1.00      0.83      0.91        87
           9       0.97      0.81      0.88       112

    accuracy                           0.90      1000
   macro avg       0.91      0.90      0.90      1000
weighted avg       0.92      0.90      0.90      1000

f1score: 0.902902291312809
