Accuracy: 0.896
[[ 96   0   0   0   0   1   0   0   0   0]
 [  0  94   0   0   0   0   0   1   0   0]
 [  1   6 100   0   1   0   0   3   0   0]
 [  1   1   1  97   0   1   0   2   0   0]
 [  0  11   2   0  82   0   0   0   0   0]
 [  2   1   0   7   0  86   1   0   0   0]
 [  3   5   0   1   1   0  96   0   0   0]
 [  0  11   0   0   1   0   0  85   0   0]
 [  0   4   1   5   2   2   0   0  73   0]
 [  0   1   0   0   5   0   0  19   0  87]]
              precision    recall  f1-score   support

           0       0.93      0.99      0.96        97
           1       0.70      0.99      0.82        95
           2       0.96      0.90      0.93       111
           3       0.88      0.94      0.91       103
           4       0.89      0.86      0.88        95
           5       0.96      0.89      0.92        97
           6       0.99      0.91      0.95       106
           7       0.77      0.88      0.82        97
           8       1.00      0.84      0.91        87
           9       1.00      0.78      0.87       112

    accuracy                           0.90      1000
   macro avg       0.91      0.90      0.90      1000
weighted avg       0.91      0.90      0.90      1000

f1score: 0.8979491878855592
