Accuracy: 0.388
[[77  2  4  7  0  4  3  0  0  0]
 [ 0 74  0  0 16  4  0  0  1  0]
 [13  6 35 14  8 14 13  5  2  1]
 [11  1 17 49  3 12  3  1  5  1]
 [ 0 30 12  3 40  1  9  0  0  0]
 [15  4 11 25  2 31  2  3  1  3]
 [19  3 19  8 21  3 30  3  0  0]
 [15  0 13  2 12  8 13 25  8  1]
 [ 2  8  7 24  6 12  2  7 15  4]
 [ 0  5 11 11 14  6  3 31 19 12]]
              precision    recall  f1-score   support

           0       0.51      0.79      0.62        97
           1       0.56      0.78      0.65        95
           2       0.27      0.32      0.29       111
           3       0.34      0.48      0.40       103
           4       0.33      0.42      0.37        95
           5       0.33      0.32      0.32        97
           6       0.38      0.28      0.33       106
           7       0.33      0.26      0.29        97
           8       0.29      0.17      0.22        87
           9       0.55      0.11      0.18       112

    accuracy                           0.39      1000
   macro avg       0.39      0.39      0.37      1000
weighted avg       0.39      0.39      0.36      1000

f1score: 0.3631477497853841
