Accuracy: 0.424
[[74  2  7  3  0  7  4  0  0  0]
 [ 0 77  1  0 16  0  0  0  1  0]
 [16  7 41  9  7  7  8 10  4  2]
 [ 9  1 11 57  2 11  6  1  3  2]
 [ 0 27  5  3 47  1 10  1  1  0]
 [12  8  7 26  5 28  3  4  0  4]
 [17  2 11  6 24  2 36  4  4  0]
 [13  0 14  3  9 12  5 24  5 12]
 [ 1  8 10 25  9  7  1  7 13  6]
 [ 0  6 14 17 10  3  2 30  3 27]]
              precision    recall  f1-score   support

           0       0.52      0.76      0.62        97
           1       0.56      0.81      0.66        95
           2       0.34      0.37      0.35       111
           3       0.38      0.55      0.45       103
           4       0.36      0.49      0.42        95
           5       0.36      0.29      0.32        97
           6       0.48      0.34      0.40       106
           7       0.30      0.25      0.27        97
           8       0.38      0.15      0.21        87
           9       0.51      0.24      0.33       112

    accuracy                           0.42      1000
   macro avg       0.42      0.43      0.40      1000
weighted avg       0.42      0.42      0.40      1000

f1score: 0.40326252287972786
