Accuracy: 0.432
[[72  2  4  5  0  7  6  1  0  0]
 [ 0 76  1  0 16  0  0  0  2  0]
 [14  6 41 10  9  7  9 10  5  0]
 [ 8  1  7 57  4 11  6  1  6  2]
 [ 0 27  4  3 54  1  3  1  2  0]
 [11  4  9 25  2 29  3  5  4  5]
 [20  2  6  4 25  4 37  4  4  0]
 [13  0 16  2  7 11  7 26 11  4]
 [ 1  9  6 21  5  9  2  7 18  9]
 [ 0  8 15 13  5  3  5 25 16 22]]
              precision    recall  f1-score   support

           0       0.52      0.74      0.61        97
           1       0.56      0.80      0.66        95
           2       0.38      0.37      0.37       111
           3       0.41      0.55      0.47       103
           4       0.43      0.57      0.49        95
           5       0.35      0.30      0.32        97
           6       0.47      0.35      0.40       106
           7       0.33      0.27      0.29        97
           8       0.26      0.21      0.23        87
           9       0.52      0.20      0.29       112

    accuracy                           0.43      1000
   macro avg       0.42      0.44      0.41      1000
weighted avg       0.43      0.43      0.41      1000

f1score: 0.41264320965140294
