Accuracy: 0.455
[[75  4  1  3  0  7  7  0  0  0]
 [ 0 76  1  0 16  0  0  0  2  0]
 [14  5 38 10 11  7  8 12  6  0]
 [ 7  2  6 61  4  9  7  0  5  2]
 [ 1 22  4  2 57  2  4  1  2  0]
 [ 9  4  7 27  4 27  4  7  3  5]
 [18  2  6  4 21  3 42  6  4  0]
 [13  3 12  2  9  6  6 33  7  6]
 [ 0  9  4 23  6 10  1  5 23  6]
 [ 0  8 15 13  6  5  5 23 14 23]]
              precision    recall  f1-score   support

           0       0.55      0.77      0.64        97
           1       0.56      0.80      0.66        95
           2       0.40      0.34      0.37       111
           3       0.42      0.59      0.49       103
           4       0.43      0.60      0.50        95
           5       0.36      0.28      0.31        97
           6       0.50      0.40      0.44       106
           7       0.38      0.34      0.36        97
           8       0.35      0.26      0.30        87
           9       0.55      0.21      0.30       112

    accuracy                           0.46      1000
   macro avg       0.45      0.46      0.44      1000
weighted avg       0.45      0.46      0.44      1000

f1score: 0.43562074764790687
