Accuracy: 0.447
[[74  4  2  4  0  8  4  0  0  1]
 [ 0 75  1  0 16  0  0  0  2  1]
 [12  5 45 10  9  6  7 13  4  0]
 [ 6  1  3 62  4 12  4  2  5  4]
 [ 1 22  4  2 60  2  1  1  2  0]
 [11  3  8 22  5 30  3  7  3  5]
 [22  5 11  4 24  1 29  6  4  0]
 [11  1 15  2  9  6  6 35  9  3]
 [ 0  8  5 24  9  5  1  9 20  6]
 [ 0  9 15 10  6  4  5 29 17 17]]
              precision    recall  f1-score   support

           0       0.54      0.76      0.63        97
           1       0.56      0.79      0.66        95
           2       0.41      0.41      0.41       111
           3       0.44      0.60      0.51       103
           4       0.42      0.63      0.51        95
           5       0.41      0.31      0.35        97
           6       0.48      0.27      0.35       106
           7       0.34      0.36      0.35        97
           8       0.30      0.23      0.26        87
           9       0.46      0.15      0.23       112

    accuracy                           0.45      1000
   macro avg       0.44      0.45      0.43      1000
weighted avg       0.44      0.45      0.42      1000

f1score: 0.4234144351959644
