Accuracy: 0.922
[[ 93   1   0   0   0   2   1   0   0   0]
 [  0  93   0   0   0   1   0   0   0   1]
 [  1   2 102   1   0   0   0   4   0   1]
 [  0   1   0  99   0   1   0   1   1   0]
 [  0   8   0   0  82   1   1   0   0   3]
 [  1   1   0   6   0  88   1   0   0   0]
 [  2   4   0   0   0   0  99   0   1   0]
 [  0   3   1   0   1   0   0  88   0   4]
 [  0   2   0   1   1   2   0   1  80   0]
 [  0   1   0   0   2   0   0  11   0  98]]
              precision    recall  f1-score   support

           0       0.96      0.96      0.96        97
           1       0.80      0.98      0.88        95
           2       0.99      0.92      0.95       111
           3       0.93      0.96      0.94       103
           4       0.95      0.86      0.91        95
           5       0.93      0.91      0.92        97
           6       0.97      0.93      0.95       106
           7       0.84      0.91      0.87        97
           8       0.98      0.92      0.95        87
           9       0.92      0.88      0.89       112

    accuracy                           0.92      1000
   macro avg       0.93      0.92      0.92      1000
weighted avg       0.93      0.92      0.92      1000

f1score: 0.9226884648554786
