Accuracy: 0.909
[[96  0  0  0  0  1  0  0  0  0]
 [ 0 94  0  0  0  0  0  0  0  1]
 [ 1  7 97  1  1  0  1  2  1  0]
 [ 0  1  0 97  0  2  0  2  1  0]
 [ 0 11  2  0 80  0  0  0  0  2]
 [ 1  1  0  6  0 88  1  0  0  0]
 [ 1  6  0  0  0  0 99  0  0  0]
 [ 1  8  0  0  0  0  0 85  0  3]
 [ 0  3  0  4  0  1  0  1 77  1]
 [ 0  1  0  0  5  0  0  9  1 96]]
              precision    recall  f1-score   support

           0       0.96      0.99      0.97        97
           1       0.71      0.99      0.83        95
           2       0.98      0.87      0.92       111
           3       0.90      0.94      0.92       103
           4       0.93      0.84      0.88        95
           5       0.96      0.91      0.93        97
           6       0.98      0.93      0.96       106
           7       0.86      0.88      0.87        97
           8       0.96      0.89      0.92        87
           9       0.93      0.86      0.89       112

    accuracy                           0.91      1000
   macro avg       0.92      0.91      0.91      1000
weighted avg       0.92      0.91      0.91      1000

f1score: 0.9105368139576326
