Accuracy: 0.894
[[ 95   1   0   0   0   1   0   0   0   0]
 [  0  94   0   1   0   0   0   0   0   0]
 [  0   8  98   0   1   0   1   3   0   0]
 [  0   0   0  98   0   1   0   3   1   0]
 [  0  12   1   0  80   0   1   1   0   0]
 [  1   0   0   6   0  89   1   0   0   0]
 [  0   6   0   0   0   0 100   0   0   0]
 [  0  10   0   0   1   0   0  83   0   3]
 [  0   6   0   7   0   1   0   3  69   1]
 [  0   3   0   0   5   0   0  16   0  88]]
              precision    recall  f1-score   support

           0       0.99      0.98      0.98        97
           1       0.67      0.99      0.80        95
           2       0.99      0.88      0.93       111
           3       0.88      0.95      0.91       103
           4       0.92      0.84      0.88        95
           5       0.97      0.92      0.94        97
           6       0.97      0.94      0.96       106
           7       0.76      0.86      0.81        97
           8       0.99      0.79      0.88        87
           9       0.96      0.79      0.86       112

    accuracy                           0.89      1000
   macro avg       0.91      0.89      0.90      1000
weighted avg       0.91      0.89      0.90      1000

f1score: 0.8965601270711241
