Accuracy: 0.891
[[96  0  0  0  0  1  0  0  0  0]
 [ 0 94  0  0  0  0  0  1  0  0]
 [ 2  7 96  1  1  0  0  4  0  0]
 [ 1  1  1 95  0  1  0  1  3  0]
 [ 0  9  1  0 84  0  0  0  0  1]
 [ 2  0  0  6  0 88  1  0  0  0]
 [ 3  7  0  0  0  0 96  0  0  0]
 [ 0 10  0  0  1  0  0 85  0  1]
 [ 1  5  0  4  2  5  0  2 68  0]
 [ 0  2  0  0  5  0  0 16  0 89]]
              precision    recall  f1-score   support

           0       0.91      0.99      0.95        97
           1       0.70      0.99      0.82        95
           2       0.98      0.86      0.92       111
           3       0.90      0.92      0.91       103
           4       0.90      0.88      0.89        95
           5       0.93      0.91      0.92        97
           6       0.99      0.91      0.95       106
           7       0.78      0.88      0.83        97
           8       0.96      0.78      0.86        87
           9       0.98      0.79      0.88       112

    accuracy                           0.89      1000
   macro avg       0.90      0.89      0.89      1000
weighted avg       0.90      0.89      0.89      1000

f1score: 0.892665806731239
