Accuracy: 0.908
[[96  0  0  0  0  1  0  0  0  0]
 [ 0 95  0  0  0  0  0  0  0  0]
 [ 1  6 99  1  1  0  0  2  1  0]
 [ 1  1  1 96  0  1  0  0  3  0]
 [ 0 10  1  0 84  0  0  0  0  0]
 [ 1  1  0  6  0 88  1  0  0  0]
 [ 1  6  0  0  0  0 99  0  0  0]
 [ 0 10  0  0  0  0  0 86  0  1]
 [ 1  4  0  4  1  2  0  2 73  0]
 [ 0  2  0  0  3  0  0 15  0 92]]
              precision    recall  f1-score   support

           0       0.95      0.99      0.97        97
           1       0.70      1.00      0.83        95
           2       0.98      0.89      0.93       111
           3       0.90      0.93      0.91       103
           4       0.94      0.88      0.91        95
           5       0.96      0.91      0.93        97
           6       0.99      0.93      0.96       106
           7       0.82      0.89      0.85        97
           8       0.95      0.84      0.89        87
           9       0.99      0.82      0.90       112

    accuracy                           0.91      1000
   macro avg       0.92      0.91      0.91      1000
weighted avg       0.92      0.91      0.91      1000

f1score: 0.9099028829172389
