Accuracy: 0.914
[[ 95   1   0   0   0   1   0   0   0   0]
 [  0  94   0   1   0   0   0   0   0   0]
 [  1   6  99   1   1   0   1   2   0   0]
 [  1   1   1  95   0   1   0   1   3   0]
 [  0  10   1   0  84   0   0   0   0   0]
 [  1   1   0   5   0  89   1   0   0   0]
 [  0   6   0   0   0   0 100   0   0   0]
 [  0  10   0   0   0   0   0  84   0   3]
 [  0   5   0   1   0   1   0   3  76   1]
 [  0   2   0   0   3   0   0   9   0  98]]
              precision    recall  f1-score   support

           0       0.97      0.98      0.97        97
           1       0.69      0.99      0.81        95
           2       0.98      0.89      0.93       111
           3       0.92      0.92      0.92       103
           4       0.95      0.88      0.92        95
           5       0.97      0.92      0.94        97
           6       0.98      0.94      0.96       106
           7       0.85      0.87      0.86        97
           8       0.96      0.87      0.92        87
           9       0.96      0.88      0.92       112

    accuracy                           0.91      1000
   macro avg       0.92      0.91      0.92      1000
weighted avg       0.93      0.91      0.92      1000

f1score: 0.9163742851788684
