Accuracy: 0.906
[[ 96   0   0   0   0   1   0   0   0   0]
 [  0  94   0   1   0   0   0   0   0   0]
 [  0   6 100   1   0   0   1   2   0   1]
 [  1   1   0  95   0   1   0   1   4   0]
 [  0  10   1   0  83   0   1   0   0   0]
 [  1   1   0   5   0  89   1   0   0   0]
 [  0   7   0   0   1   0  98   0   0   0]
 [  0  10   0   0   0   0   0  84   0   3]
 [  0   6   0   3   0   1   0   4  73   0]
 [  0   2   0   0   4   0   0  12   0  94]]
              precision    recall  f1-score   support

           0       0.98      0.99      0.98        97
           1       0.69      0.99      0.81        95
           2       0.99      0.90      0.94       111
           3       0.90      0.92      0.91       103
           4       0.94      0.87      0.91        95
           5       0.97      0.92      0.94        97
           6       0.97      0.92      0.95       106
           7       0.82      0.87      0.84        97
           8       0.95      0.84      0.89        87
           9       0.96      0.84      0.90       112

    accuracy                           0.91      1000
   macro avg       0.92      0.91      0.91      1000
weighted avg       0.92      0.91      0.91      1000

f1score: 0.9083883672017873
