Accuracy: 0.901
[[ 95   1   0   0   0   1   0   0   0   0]
 [  0  94   0   1   0   0   0   0   0   0]
 [  1   6 100   0   1   0   1   2   0   0]
 [  0   2   0  98   0   0   0   1   2   0]
 [  0  10   1   0  83   0   1   0   0   0]
 [  1   1   0   8   0  86   1   0   0   0]
 [  0   5   0   0   0   0 101   0   0   0]
 [  0  11   0   0   1   0   0  82   0   3]
 [  0   6   0   4   0   1   0   3  73   0]
 [  0   2   0   0   5   0   0  16   0  89]]
              precision    recall  f1-score   support

           0       0.98      0.98      0.98        97
           1       0.68      0.99      0.81        95
           2       0.99      0.90      0.94       111
           3       0.88      0.95      0.92       103
           4       0.92      0.87      0.90        95
           5       0.98      0.89      0.93        97
           6       0.97      0.95      0.96       106
           7       0.79      0.85      0.82        97
           8       0.97      0.84      0.90        87
           9       0.97      0.79      0.87       112

    accuracy                           0.90      1000
   macro avg       0.91      0.90      0.90      1000
weighted avg       0.92      0.90      0.90      1000

f1score: 0.9033718982446105
