Accuracy: 0.888
[[96  0  0  0  0  1  0  0  0  0]
 [ 0 95  0  0  0  0  0  0  0  0]
 [ 0  8 99  1  1  0  0  1  1  0]
 [ 1  1  2 98  0  0  0  1  0  0]
 [ 0 11  1  0 82  0  0  0  0  1]
 [ 2  0  0 11  0 83  1  0  0  0]
 [ 2  7  0  0  1  0 96  0  0  0]
 [ 0  9  0  0  1  0  0 85  0  2]
 [ 0  3  0  6  0  6  0  3 69  0]
 [ 0  2  0  0  7  0  0 18  0 85]]
              precision    recall  f1-score   support

           0       0.95      0.99      0.97        97
           1       0.70      1.00      0.82        95
           2       0.97      0.89      0.93       111
           3       0.84      0.95      0.89       103
           4       0.89      0.86      0.88        95
           5       0.92      0.86      0.89        97
           6       0.99      0.91      0.95       106
           7       0.79      0.88      0.83        97
           8       0.99      0.79      0.88        87
           9       0.97      0.76      0.85       112

    accuracy                           0.89      1000
   macro avg       0.90      0.89      0.89      1000
weighted avg       0.90      0.89      0.89      1000

f1score: 0.8893538606908878
