Accuracy: 0.916
[[ 96   0   0   0   0   1   0   0   0   0]
 [  0  94   0   0   0   0   0   0   0   1]
 [  0   5 101   0   1   0   1   2   1   0]
 [  0   1   0  98   0   1   0   2   1   0]
 [  0  10   2   0  82   0   0   0   0   1]
 [  1   1   0   5   0  89   1   0   0   0]
 [  2   5   0   0   0   0  99   0   0   0]
 [  1   9   0   0   0   0   0  84   0   3]
 [  1   4   0   2   0   1   0   1  77   1]
 [  0   1   0   0   5   0   0   9   1  96]]
              precision    recall  f1-score   support

           0       0.95      0.99      0.97        97
           1       0.72      0.99      0.84        95
           2       0.98      0.91      0.94       111
           3       0.93      0.95      0.94       103
           4       0.93      0.86      0.90        95
           5       0.97      0.92      0.94        97
           6       0.98      0.93      0.96       106
           7       0.86      0.87      0.86        97
           8       0.96      0.89      0.92        87
           9       0.94      0.86      0.90       112

    accuracy                           0.92      1000
   macro avg       0.92      0.92      0.92      1000
weighted avg       0.92      0.92      0.92      1000

f1score: 0.9174369477926584
