Accuracy: 0.875
[[95  1  0  0  0  1  0  0  0  0]
 [ 0 94  0  0  0  0  0  1  0  0]
 [ 2 10 93  1  1  1  0  2  1  0]
 [ 0  1  0 97  0  0  1  1  3  0]
 [ 0 12  0  0 79  0  0  0  0  4]
 [ 0  1  0  9  0 86  1  0  0  0]
 [ 1  8  0  0  0  0 97  0  0  0]
 [ 0 13  0  0  1  1  0 78  0  4]
 [ 0  6  0  5  1  2  0  1 72  0]
 [ 0  3  0  0  7  0  0 17  1 84]]
              precision    recall  f1-score   support

           0       0.97      0.98      0.97        97
           1       0.63      0.99      0.77        95
           2       1.00      0.84      0.91       111
           3       0.87      0.94      0.90       103
           4       0.89      0.83      0.86        95
           5       0.95      0.89      0.91        97
           6       0.98      0.92      0.95       106
           7       0.78      0.80      0.79        97
           8       0.94      0.83      0.88        87
           9       0.91      0.75      0.82       112

    accuracy                           0.88      1000
   macro avg       0.89      0.88      0.88      1000
weighted avg       0.89      0.88      0.88      1000

f1score: 0.8779256427516976
