Accuracy: 0.876
[[96  0  0  0  0  1  0  0  0  0]
 [ 0 94  0  0  0  0  0  0  0  1]
 [ 1  7 98  0  1  0  1  3  0  0]
 [ 2  1  1 95  0  0  0  2  2  0]
 [ 0 11  1  0 82  0  0  0  0  1]
 [ 1  1  0  9  0 86  0  0  0  0]
 [ 2  7  0  0  0  0 97  0  0  0]
 [ 0 12  1  0  1  0  0 80  0  3]
 [ 0  5  0  7  2  2  1  5 63  2]
 [ 0  2  0  0  9  0  0 16  0 85]]
              precision    recall  f1-score   support

           0       0.94      0.99      0.96        97
           1       0.67      0.99      0.80        95
           2       0.97      0.88      0.92       111
           3       0.86      0.92      0.89       103
           4       0.86      0.86      0.86        95
           5       0.97      0.89      0.92        97
           6       0.98      0.92      0.95       106
           7       0.75      0.82      0.79        97
           8       0.97      0.72      0.83        87
           9       0.92      0.76      0.83       112

    accuracy                           0.88      1000
   macro avg       0.89      0.88      0.88      1000
weighted avg       0.89      0.88      0.88      1000

f1score: 0.8775752555483097
