Accuracy: 0.882
[[95  1  0  0  0  1  0  0  0  0]
 [ 0 94  0  0  0  0  0  1  0  0]
 [ 2 10 93  1  1  1  0  3  0  0]
 [ 0  1  1 98  0  0  0  1  2  0]
 [ 0 11  0  0 80  0  1  0  0  3]
 [ 1  1  0  8  0 86  1  0  0  0]
 [ 2  6  0  0  0  0 98  0  0  0]
 [ 0 12  0  0  0  0  0 80  0  5]
 [ 0  4  0  3  1  2  0  3 72  2]
 [ 0  3  0  0  5  0  0 17  1 86]]
              precision    recall  f1-score   support

           0       0.95      0.98      0.96        97
           1       0.66      0.99      0.79        95
           2       0.99      0.84      0.91       111
           3       0.89      0.95      0.92       103
           4       0.92      0.84      0.88        95
           5       0.96      0.89      0.92        97
           6       0.98      0.92      0.95       106
           7       0.76      0.82      0.79        97
           8       0.96      0.83      0.89        87
           9       0.90      0.77      0.83       112

    accuracy                           0.88      1000
   macro avg       0.90      0.88      0.88      1000
weighted avg       0.90      0.88      0.88      1000

f1score: 0.88445735904652
