Accuracy: 0.883
[[95  1  0  0  0  1  0  0  0  0]
 [ 0 94  0  1  0  0  0  0  0  0]
 [ 1 10 94  1  1  1  0  3  0  0]
 [ 0  1  1 96  0  1  0  1  3  0]
 [ 0 11  0  0 82  0  0  0  0  2]
 [ 0  1  0  8  0 87  1  0  0  0]
 [ 2  6  0  0  0  0 98  0  0  0]
 [ 0 12  0  0  1  0  0 78  0  6]
 [ 0  6  0  4  1  2  0  1 70  3]
 [ 0  3  0  0  5  0  0 14  1 89]]
              precision    recall  f1-score   support

           0       0.97      0.98      0.97        97
           1       0.65      0.99      0.78        95
           2       0.99      0.85      0.91       111
           3       0.87      0.93      0.90       103
           4       0.91      0.86      0.89        95
           5       0.95      0.90      0.92        97
           6       0.99      0.92      0.96       106
           7       0.80      0.80      0.80        97
           8       0.95      0.80      0.87        87
           9       0.89      0.79      0.84       112

    accuracy                           0.88      1000
   macro avg       0.90      0.88      0.88      1000
weighted avg       0.90      0.88      0.89      1000

f1score: 0.8856295832191271
