Accuracy: 0.924
[[ 96   0   0   0   0   1   0   0   0   0]
 [  0  95   0   0   0   0   0   0   0   0]
 [  0   4 101   1   1   0   1   2   1   0]
 [  0   1   0  99   0   1   0   0   2   0]
 [  0  10   2   0  82   0   0   0   0   1]
 [  1   0   0   4   0  91   1   0   0   0]
 [  2   5   0   0   0   0  99   0   0   0]
 [  1   8   0   0   0   0   0  85   0   3]
 [  1   5   0   3   0   1   0   1  75   1]
 [  0   1   0   0   3   0   0   6   1 101]]
              precision    recall  f1-score   support

           0       0.95      0.99      0.97        97
           1       0.74      1.00      0.85        95
           2       0.98      0.91      0.94       111
           3       0.93      0.96      0.94       103
           4       0.95      0.86      0.91        95
           5       0.97      0.94      0.95        97
           6       0.98      0.93      0.96       106
           7       0.90      0.88      0.89        97
           8       0.95      0.86      0.90        87
           9       0.95      0.90      0.93       112

    accuracy                           0.92      1000
   macro avg       0.93      0.92      0.92      1000
weighted avg       0.93      0.92      0.93      1000

f1score: 0.9251582745172989
