Accuracy: 0.888
[[95  1  0  0  0  1  0  0  0  0]
 [ 0 94  0  1  0  0  0  0  0  0]
 [ 2  8 94  1  1  0  1  4  0  0]
 [ 0  1  1 96  0  0  0  2  3  0]
 [ 0 11  1  0 81  0  0  1  0  1]
 [ 1  1  0  7  0 87  1  0  0  0]
 [ 1  8  0  0  1  0 96  0  0  0]
 [ 0  9  0  0  0  0  0 87  0  1]
 [ 1  7  0  2  0  1  0  3 73  0]
 [ 0  2  0  0  5  0  0 20  0 85]]
              precision    recall  f1-score   support

           0       0.95      0.98      0.96        97
           1       0.66      0.99      0.79        95
           2       0.98      0.85      0.91       111
           3       0.90      0.93      0.91       103
           4       0.92      0.85      0.89        95
           5       0.98      0.90      0.94        97
           6       0.98      0.91      0.94       106
           7       0.74      0.90      0.81        97
           8       0.96      0.84      0.90        87
           9       0.98      0.76      0.85       112

    accuracy                           0.89      1000
   macro avg       0.90      0.89      0.89      1000
weighted avg       0.91      0.89      0.89      1000

