Accuracy: 0.92
[[ 94   0   0   0   0   1   1   1   0   0]
 [  0  94   0   0   0   0   0   0   0   1]
 [  0   1 103   1   1   0   0   4   1   0]
 [  0   1   0  99   0   1   0   1   1   0]
 [  0   9   0   0  81   1   1   0   0   3]
 [  0   1   0   6   0  89   0   0   1   0]
 [  1   5   0   0   1   0  99   0   0   0]
 [  0   1   1   0   1   0   0  89   0   5]
 [  0   3   0   0   1   3   0   1  77   2]
 [  0   2   0   0   1   0   0  14   0  95]]
              precision    recall  f1-score   support

           0       0.99      0.97      0.98        97
           1       0.80      0.99      0.89        95
           2       0.99      0.93      0.96       111
           3       0.93      0.96      0.95       103
           4       0.94      0.85      0.90        95
           5       0.94      0.92      0.93        97
           6       0.98      0.93      0.96       106
           7       0.81      0.92      0.86        97
           8       0.96      0.89      0.92        87
           9       0.90      0.85      0.87       112

    accuracy                           0.92      1000
   macro avg       0.92      0.92      0.92      1000
weighted avg       0.93      0.92      0.92      1000

