Accuracy: 0.889
[[96  0  0  0  0  1  0  0  0  0]
 [ 0 94  0  0  0  0  0  0  0  1]
 [ 1  7 99  0  1  0  0  3  0  0]
 [ 0  1  1 98  0  1  0  2  0  0]
 [ 0 11  1  0 83  0  0  0  0  0]
 [ 2  1  0 10  0 83  1  0  0  0]
 [ 2  6  0  1  1  0 96  0  0  0]
 [ 0  9  1  0  1  0  0 85  0  1]
 [ 1  4  0  5  1  3  0  1 72  0]
 [ 0  2  0  0  8  0  0 19  0 83]]
              precision    recall  f1-score   support

           0       0.94      0.99      0.96        97
           1       0.70      0.99      0.82        95
           2       0.97      0.89      0.93       111
           3       0.86      0.95      0.90       103
           4       0.87      0.87      0.87        95
           5       0.94      0.86      0.90        97
           6       0.99      0.91      0.95       106
           7       0.77      0.88      0.82        97
           8       1.00      0.83      0.91        87
           9       0.98      0.74      0.84       112

    accuracy                           0.89      1000
   macro avg       0.90      0.89      0.89      1000
weighted avg       0.90      0.89      0.89      1000

