Accuracy: 0.901
[[ 96   0   0   0   0   1   0   0   0   0]
 [  0  94   0   1   0   0   0   0   0   0]
 [  0   6 100   0   1   0   1   3   0   0]
 [  0   1   1  98   0   0   0   2   1   0]
 [  0  11   1   0  81   0   0   0   0   2]
 [  2   1   0   6   0  87   1   0   0   0]
 [  1   7   0   0   0   0  98   0   0   0]
 [  0   7   0   0   1   0   0  84   0   5]
 [  0   5   0   3   0   2   0   3  74   0]
 [  0   2   0   0   7   0   0  13   1  89]]
              precision    recall  f1-score   support

           0       0.97      0.99      0.98        97
           1       0.70      0.99      0.82        95
           2       0.98      0.90      0.94       111
           3       0.91      0.95      0.93       103
           4       0.90      0.85      0.88        95
           5       0.97      0.90      0.93        97
           6       0.98      0.92      0.95       106
           7       0.80      0.87      0.83        97
           8       0.97      0.85      0.91        87
           9       0.93      0.79      0.86       112

    accuracy                           0.90      1000
   macro avg       0.91      0.90      0.90      1000
weighted avg       0.91      0.90      0.90      1000

