Accuracy: 0.884
[[95  1  0  0  0  1  0  0  0  0]
 [ 0 94  0  1  0  0  0  0  0  0]
 [ 2  6 96  0  1  0  2  4  0  0]
 [ 0  1  1 97  0  0  0  2  2  0]
 [ 0 11  1  0 81  0  0  0  0  2]
 [ 2  1  0  7  0 86  1  0  0  0]
 [ 1  8  0  0  1  0 96  0  0  0]
 [ 0  9  0  0  2  0  0 83  0  3]
 [ 1  5  0  4  0  2  0  3 72  0]
 [ 0  2  0  0  6  0  0 20  0 84]]
              precision    recall  f1-score   support

           0       0.94      0.98      0.96        97
           1       0.68      0.99      0.81        95
           2       0.98      0.86      0.92       111
           3       0.89      0.94      0.92       103
           4       0.89      0.85      0.87        95
           5       0.97      0.89      0.92        97
           6       0.97      0.91      0.94       106
           7       0.74      0.86      0.79        97
           8       0.97      0.83      0.89        87
           9       0.94      0.75      0.84       112

    accuracy                           0.88      1000
   macro avg       0.90      0.89      0.89      1000
weighted avg       0.90      0.88      0.89      1000

