Accuracy: 0.894
[[95  1  0  0  0  1  0  0  0  0]
 [ 0 94  0  1  0  0  0  0  0  0]
 [ 2  7 95  1  1  0  1  4  0  0]
 [ 0  1  1 96  0  0  0  2  3  0]
 [ 0 11  1  0 82  0  0  0  0  1]
 [ 1  1  0  6  0 88  1  0  0  0]
 [ 1  8  0  0  0  0 97  0  0  0]
 [ 0  8  0  0  1  0  0 85  0  3]
 [ 1  6  0  2  1  1  0  3 73  0]
 [ 0  2  0  0  5  0  0 16  0 89]]
              precision    recall  f1-score   support

           0       0.95      0.98      0.96        97
           1       0.68      0.99      0.80        95
           2       0.98      0.86      0.91       111
           3       0.91      0.93      0.92       103
           4       0.91      0.86      0.89        95
           5       0.98      0.91      0.94        97
           6       0.98      0.92      0.95       106
           7       0.77      0.88      0.82        97
           8       0.96      0.84      0.90        87
           9       0.96      0.79      0.87       112

    accuracy                           0.89      1000
   macro avg       0.91      0.90      0.90      1000
weighted avg       0.91      0.89      0.90      1000

