Accuracy: 0.919
[[ 96   0   0   0   0   1   0   0   0   0]
 [  0  94   0   0   0   0   0   0   0   1]
 [  0   6 100   0   1   0   1   3   0   0]
 [  1   0   0  97   0   2   0   2   1   0]
 [  0  11   2   0  81   0   0   0   0   1]
 [  0   0   0   6   0  90   1   0   0   0]
 [  0   6   0   0   0   0 100   0   0   0]
 [  1   8   0   0   0   0   0  85   0   3]
 [  0   4   0   3   0   1   0   1  78   0]
 [  0   1   0   0   3   0   0   9   1  98]]
              precision    recall  f1-score   support

           0       0.98      0.99      0.98        97
           1       0.72      0.99      0.84        95
           2       0.98      0.90      0.94       111
           3       0.92      0.94      0.93       103
           4       0.95      0.85      0.90        95
           5       0.96      0.93      0.94        97
           6       0.98      0.94      0.96       106
           7       0.85      0.88      0.86        97
           8       0.97      0.90      0.93        87
           9       0.95      0.88      0.91       112

    accuracy                           0.92      1000
   macro avg       0.93      0.92      0.92      1000
weighted avg       0.93      0.92      0.92      1000

f1score: 0.9206325376046454
