Accuracy: 0.906
[[96  0  0  0  0  1  0  0  0  0]
 [ 0 94  0  0  0  0  0  0  0  1]
 [ 0  7 99  0  1  0  1  3  0  0]
 [ 0  1  0 98  0  1  0  2  1  0]
 [ 0 10  1  0 82  0  1  0  0  1]
 [ 1  0  0  6  0 89  1  0  0  0]
 [ 1  6  0  0  0  0 99  0  0  0]
 [ 0 10  0  0  1  0  0 83  0  3]
 [ 0  6  0  5  0  2  0  2 72  0]
 [ 0  2  0  0  3  0  0 13  0 94]]
              precision    recall  f1-score   support

           0       0.98      0.99      0.98        97
           1       0.69      0.99      0.81        95
           2       0.99      0.89      0.94       111
           3       0.90      0.95      0.92       103
           4       0.94      0.86      0.90        95
           5       0.96      0.92      0.94        97
           6       0.97      0.93      0.95       106
           7       0.81      0.86      0.83        97
           8       0.99      0.83      0.90        87
           9       0.95      0.84      0.89       112

    accuracy                           0.91      1000
   macro avg       0.92      0.91      0.91      1000
weighted avg       0.92      0.91      0.91      1000

f1score: 0.9081946573218884
