Accuracy: 0.9
[[ 95   1   0   0   0   1   0   0   0   0]
 [  0  94   0   1   0   0   0   0   0   0]
 [  0   7  99   0   1   0   1   3   0   0]
 [  0   0   1  99   0   0   0   2   1   0]
 [  0  11   1   0  82   0   1   0   0   0]
 [  1   1   0   6   0  88   1   0   0   0]
 [  0   6   0   0   0   0 100   0   0   0]
 [  0  11   0   0   1   0   0  82   0   3]
 [  0   6   0   7   0   1   0   2  69   2]
 [  0   2   0   0   4   0   0  14   0  92]]
              precision    recall  f1-score   support

           0       0.99      0.98      0.98        97
           1       0.68      0.99      0.80        95
           2       0.98      0.89      0.93       111
           3       0.88      0.96      0.92       103
           4       0.93      0.86      0.90        95
           5       0.98      0.91      0.94        97
           6       0.97      0.94      0.96       106
           7       0.80      0.85      0.82        97
           8       0.99      0.79      0.88        87
           9       0.95      0.82      0.88       112

    accuracy                           0.90      1000
   macro avg       0.91      0.90      0.90      1000
weighted avg       0.91      0.90      0.90      1000

f1score: 0.9023838370519787
