Accuracy: 0.928
[[ 94   1   0   0   0   1   1   0   0   0]
 [  0  93   0   0   0   1   0   0   0   1]
 [  1   1 102   1   0   0   0   4   1   1]
 [  0   1   0 100   0   1   0   0   1   0]
 [  0   8   0   0  83   0   1   0   0   3]
 [  1   0   0   6   0  89   1   0   0   0]
 [  1   5   0   0   0   0 100   0   0   0]
 [  0   3   1   0   1   0   0  88   0   4]
 [  0   3   0   1   1   2   0   1  79   0]
 [  0   1   0   0   1   0   0  10   0 100]]
              precision    recall  f1-score   support

           0       0.97      0.97      0.97        97
           1       0.80      0.98      0.88        95
           2       0.99      0.92      0.95       111
           3       0.93      0.97      0.95       103
           4       0.97      0.87      0.92        95
           5       0.95      0.92      0.93        97
           6       0.97      0.94      0.96       106
           7       0.85      0.91      0.88        97
           8       0.98      0.91      0.94        87
           9       0.92      0.89      0.90       112

    accuracy                           0.93      1000
   macro avg       0.93      0.93      0.93      1000
weighted avg       0.93      0.93      0.93      1000

f1score: 0.9286867706107962
