Accuracy: 0.894
[[ 96   0   0   0   0   1   0   0   0   0]
 [  0  94   0   1   0   0   0   0   0   0]
 [  0   6 100   0   1   0   1   2   1   0]
 [  0   1   1  97   0   0   0   2   2   0]
 [  0  11   1   0  82   0   0   1   0   0]
 [  1   1   0   8   0  86   1   0   0   0]
 [  2   6   0   0   0   0  98   0   0   0]
 [  1   9   0   0   1   0   0  83   0   3]
 [  0   4   0   4   0   2   0   3  73   1]
 [  0   2   0   0   6   0   0  18   1  85]]
              precision    recall  f1-score   support

           0       0.96      0.99      0.97        97
           1       0.70      0.99      0.82        95
           2       0.98      0.90      0.94       111
           3       0.88      0.94      0.91       103
           4       0.91      0.86      0.89        95
           5       0.97      0.89      0.92        97
           6       0.98      0.92      0.95       106
           7       0.76      0.86      0.81        97
           8       0.95      0.84      0.89        87
           9       0.96      0.76      0.85       112

    accuracy                           0.89      1000
   macro avg       0.90      0.89      0.89      1000
weighted avg       0.91      0.89      0.90      1000

f1score: 0.8956790422215078
