Accuracy: 0.896
[[95  1  0  0  0  1  0  0  0  0]
 [ 0 94  0  1  0  0  0  0  0  0]
 [ 1  5 98  1  1  0  1  4  0  0]
 [ 0  1  1 98  0  0  0  2  1  0]
 [ 0 11  1  0 83  0  0  0  0  0]
 [ 2  1  0  6  0 87  1  0  0  0]
 [ 1  7  0  0  0  0 98  0  0  0]
 [ 0  9  0  0  1  0  0 84  0  3]
 [ 1  5  0  3  0  2  0  4 72  0]
 [ 0  2  0  0  7  0  0 15  1 87]]
              precision    recall  f1-score   support

           0       0.95      0.98      0.96        97
           1       0.69      0.99      0.81        95
           2       0.98      0.88      0.93       111
           3       0.90      0.95      0.92       103
           4       0.90      0.87      0.89        95
           5       0.97      0.90      0.93        97
           6       0.98      0.92      0.95       106
           7       0.77      0.87      0.82        97
           8       0.97      0.83      0.89        87
           9       0.97      0.78      0.86       112

    accuracy                           0.90      1000
   macro avg       0.91      0.90      0.90      1000
weighted avg       0.91      0.90      0.90      1000

f1score: 0.8980430491057663
