Accuracy: 0.897
[[95  1  0  0  0  1  0  0  0  0]
 [ 0 94  0  1  0  0  0  0  0  0]
 [ 2  6 97  0  1  0  2  3  0  0]
 [ 0  0  1 97  0  0  0  3  2  0]
 [ 0 11  1  0 80  0  0  0  0  3]
 [ 1  1  0  6  0 88  1  0  0  0]
 [ 1  6  0  0  0  0 99  0  0  0]
 [ 0  7  0  0  1  1  0 84  0  4]
 [ 1  4  0  2  2  1  0  2 74  1]
 [ 0  2  0  0  6  0  0 15  0 89]]
              precision    recall  f1-score   support

           0       0.95      0.98      0.96        97
           1       0.71      0.99      0.83        95
           2       0.98      0.87      0.92       111
           3       0.92      0.94      0.93       103
           4       0.89      0.84      0.86        95
           5       0.97      0.91      0.94        97
           6       0.97      0.93      0.95       106
           7       0.79      0.87      0.82        97
           8       0.97      0.85      0.91        87
           9       0.92      0.79      0.85       112

    accuracy                           0.90      1000
   macro avg       0.91      0.90      0.90      1000
weighted avg       0.91      0.90      0.90      1000

f1score: 0.8985205229693215
