Accuracy: 0.8917835671342685
[[ 95   0   0   0   0   2   0   0   0   0]
 [  0  94   0   1   0   0   0   0   0   0]
 [  2   9  94   1   0   0   2   2   0   1]
 [  0   1   1  99   0   0   0   1   1   0]
 [  0  12   1   0  77   0   1   0   0   4]
 [  1   1   0  10   0  82   1   0   0   0]
 [  1   4   0   0   1   0 101   0   0   0]
 [  0  11   0   0   3   0   0  84   0   1]
 [  2   6   0   1   0   1   1   3  72   1]
 [  1   4   0   0   6   0   0   6   0  92]]
              precision    recall  f1-score   support

           0       0.93      0.98      0.95        97
           1       0.66      0.99      0.79        95
           2       0.98      0.85      0.91       111
           3       0.88      0.96      0.92       103
           4       0.89      0.81      0.85        95
           5       0.96      0.86      0.91        95
           6       0.95      0.94      0.95       107
           7       0.88      0.85      0.86        99
           8       0.99      0.83      0.90        87
           9       0.93      0.84      0.88       109

    accuracy                           0.89       998
   macro avg       0.90      0.89      0.89       998
weighted avg       0.91      0.89      0.89       998

