Accuracy: 0.9188376753507014
[[ 93   0   0   0   0   1   3   0   0   0]
 [  0  94   0   0   0   0   0   0   0   1]
 [  0   3 101   1   1   0   0   3   2   0]
 [  0   0   0  97   0   1   1   1   3   0]
 [  0   9   0   0  80   0   1   2   0   3]
 [  2   0   0   7   0  84   1   0   1   0]
 [  1   3   0   0   1   1 101   0   0   0]
 [  0   5   0   0   1   0   0  92   0   1]
 [  3   1   0   0   2   3   0   0  77   1]
 [  0   3   0   0   2   0   0   6   0  98]]
              precision    recall  f1-score   support

           0       0.94      0.96      0.95        97
           1       0.80      0.99      0.88        95
           2       1.00      0.91      0.95       111
           3       0.92      0.94      0.93       103
           4       0.92      0.84      0.88        95
           5       0.93      0.88      0.91        95
           6       0.94      0.94      0.94       107
           7       0.88      0.93      0.91        99
           8       0.93      0.89      0.91        87
           9       0.94      0.90      0.92       109

    accuracy                           0.92       998
   macro avg       0.92      0.92      0.92       998
weighted avg       0.92      0.92      0.92       998

