Accuracy: 0.8907815631262525
[[ 96   0   0   0   0   1   0   0   0   0]
 [  0  95   0   0   0   0   0   0   0   0]
 [  0   7 101   1   1   0   0   1   0   0]
 [  1   1   2  98   0   0   0   1   0   0]
 [  0  11   1   0  81   0   0   0   0   2]
 [  2   0   0  12   0  80   1   0   0   0]
 [  2   4   0   0   1   0 100   0   0   0]
 [  0  15   0   0   1   0   0  83   0   0]
 [  3   5   0   4   0   4   0   0  71   0]
 [  0   3   1   1   5   0   0  15   0  84]]
              precision    recall  f1-score   support

           0       0.92      0.99      0.96        97
           1       0.67      1.00      0.81        95
           2       0.96      0.91      0.94       111
           3       0.84      0.95      0.89       103
           4       0.91      0.85      0.88        95
           5       0.94      0.84      0.89        95
           6       0.99      0.93      0.96       107
           7       0.83      0.84      0.83        99
           8       1.00      0.82      0.90        87
           9       0.98      0.77      0.86       109

    accuracy                           0.89       998
   macro avg       0.91      0.89      0.89       998
weighted avg       0.91      0.89      0.89       998

