Accuracy: 0.9118236472945892
[[ 96   0   0   0   0   1   0   0   0   0]
 [  0  95   0   0   0   0   0   0   0   0]
 [  1   8  98   0   1   0   1   2   0   0]
 [  0   1   1 100   0   0   0   1   0   0]
 [  0  10   1   0  80   0   1   0   0   3]
 [  2   0   0   7   0  85   1   0   0   0]
 [  1   4   0   0   0   1 101   0   0   0]
 [  1  11   0   0   0   0   0  86   0   1]
 [  3   4   0   2   1   3   0   0  74   0]
 [  0   4   1   1   3   0   0   5   0  95]]
              precision    recall  f1-score   support

           0       0.92      0.99      0.96        97
           1       0.69      1.00      0.82        95
           2       0.97      0.88      0.92       111
           3       0.91      0.97      0.94       103
           4       0.94      0.84      0.89        95
           5       0.94      0.89      0.92        95
           6       0.97      0.94      0.96       107
           7       0.91      0.87      0.89        99
           8       1.00      0.85      0.92        87
           9       0.96      0.87      0.91       109

    accuracy                           0.91       998
   macro avg       0.92      0.91      0.91       998
weighted avg       0.92      0.91      0.91       998

