Accuracy: 0.9078156312625251
[[ 96   0   0   0   0   1   0   0   0   0]
 [  0  94   0   0   0   0   0   0   0   1]
 [  0  10  98   1   0   0   0   1   0   1]
 [  0   1   1 100   0   0   0   1   0   0]
 [  0   9   1   0  80   0   1   1   0   3]
 [  2   0   0   8   0  84   1   0   0   0]
 [  1   4   0   0   0   1 101   0   0   0]
 [  0  12   0   0   0   0   0  87   0   0]
 [  1   5   0   1   1   3   1   0  75   0]
 [  1   3   0   0   3   0   0  11   0  91]]
              precision    recall  f1-score   support

           0       0.95      0.99      0.97        97
           1       0.68      0.99      0.81        95
           2       0.98      0.88      0.93       111
           3       0.91      0.97      0.94       103
           4       0.95      0.84      0.89        95
           5       0.94      0.88      0.91        95
           6       0.97      0.94      0.96       107
           7       0.86      0.88      0.87        99
           8       1.00      0.86      0.93        87
           9       0.95      0.83      0.89       109

    accuracy                           0.91       998
   macro avg       0.92      0.91      0.91       998
weighted avg       0.92      0.91      0.91       998

