Accuracy: 0.9078156312625251
[[ 94   0   0   0   0   2   1   0   0   0]
 [  0  94   0   1   0   0   0   0   0   0]
 [  0   7 100   1   1   0   1   1   0   0]
 [  0   1   1  99   0   0   0   2   0   0]
 [  0  10   1   0  79   0   1   1   0   3]
 [  2   1   0   8   0  83   1   0   0   0]
 [  1   4   0   0   0   1 101   0   0   0]
 [  0  11   0   0   0   0   0  87   0   1]
 [  1   7   0   3   0   1   1   1  73   0]
 [  1   3   0   0   3   0   0   6   0  96]]
              precision    recall  f1-score   support

           0       0.95      0.97      0.96        97
           1       0.68      0.99      0.81        95
           2       0.98      0.90      0.94       111
           3       0.88      0.96      0.92       103
           4       0.95      0.83      0.89        95
           5       0.95      0.87      0.91        95
           6       0.95      0.94      0.95       107
           7       0.89      0.88      0.88        99
           8       1.00      0.84      0.91        87
           9       0.96      0.88      0.92       109

    accuracy                           0.91       998
   macro avg       0.92      0.91      0.91       998
weighted avg       0.92      0.91      0.91       998

