Accuracy: 0.9028056112224448
[[ 96   0   0   0   0   1   0   0   0   0]
 [  0  94   0   1   0   0   0   0   0   0]
 [  0   8  99   1   0   0   1   1   0   1]
 [  0   1   1  99   0   0   0   2   0   0]
 [  0  11   1   0  79   0   1   1   0   2]
 [  2   0   0   8   0  84   1   0   0   0]
 [  1   4   0   0   0   1 101   0   0   0]
 [  0  11   0   0   1   0   0  86   0   1]
 [  1   9   0   1   1   1   1   1  71   1]
 [  1   3   0   0   5   0   0   8   0  92]]
              precision    recall  f1-score   support

           0       0.95      0.99      0.97        97
           1       0.67      0.99      0.80        95
           2       0.98      0.89      0.93       111
           3       0.90      0.96      0.93       103
           4       0.92      0.83      0.87        95
           5       0.97      0.88      0.92        95
           6       0.96      0.94      0.95       107
           7       0.87      0.87      0.87        99
           8       1.00      0.82      0.90        87
           9       0.95      0.84      0.89       109

    accuracy                           0.90       998
   macro avg       0.92      0.90      0.90       998
weighted avg       0.92      0.90      0.91       998

