Accuracy: 0.9038076152304609
[[ 95   0   0   0   0   1   1   0   0   0]
 [  0  94   0   1   0   0   0   0   0   0]
 [  1   8  96   1   0   0   1   3   0   1]
 [  0   1   1  99   0   0   0   0   2   0]
 [  0  11   1   0  77   0   1   0   0   5]
 [  2   1   0   8   0  83   1   0   0   0]
 [  1   4   0   0   0   0 102   0   0   0]
 [  0  10   0   0   0   0   0  88   0   1]
 [  1   7   0   1   1   1   1   2  72   1]
 [  0   4   0   0   5   0   0   4   0  96]]
              precision    recall  f1-score   support

           0       0.95      0.98      0.96        97
           1       0.67      0.99      0.80        95
           2       0.98      0.86      0.92       111
           3       0.90      0.96      0.93       103
           4       0.93      0.81      0.87        95
           5       0.98      0.87      0.92        95
           6       0.95      0.95      0.95       107
           7       0.91      0.89      0.90        99
           8       0.97      0.83      0.89        87
           9       0.92      0.88      0.90       109

    accuracy                           0.90       998
   macro avg       0.92      0.90      0.90       998
weighted avg       0.92      0.90      0.91       998

