Accuracy: 0.9018036072144289
[[ 95   0   0   0   0   1   1   0   0   0]
 [  0  94   0   1   0   0   0   0   0   0]
 [  2   7  95   1   0   0   2   3   0   1]
 [  0   1   0 100   0   0   0   1   1   0]
 [  0  11   1   0  80   0   1   1   0   1]
 [  2   1   0   9   0  82   1   0   0   0]
 [  1   4   0   0   0   0 102   0   0   0]
 [  0  11   0   0   1   0   0  86   0   1]
 [  2   7   0   0   1   1   1   3  71   1]
 [  1   4   0   0   4   0   0   5   0  95]]
              precision    recall  f1-score   support

           0       0.92      0.98      0.95        97
           1       0.67      0.99      0.80        95
           2       0.99      0.86      0.92       111
           3       0.90      0.97      0.93       103
           4       0.93      0.84      0.88        95
           5       0.98      0.86      0.92        95
           6       0.94      0.95      0.95       107
           7       0.87      0.87      0.87        99
           8       0.99      0.82      0.89        87
           9       0.96      0.87      0.91       109

    accuracy                           0.90       998
   macro avg       0.91      0.90      0.90       998
weighted avg       0.92      0.90      0.90       998

