Accuracy: 0.8997995991983968
[[ 94   1   0   0   0   2   0   0   0   0]
 [  0  94   0   1   0   0   0   0   0   0]
 [  2   9  94   1   0   0   2   2   0   1]
 [  0   1   2  98   0   0   0   1   1   0]
 [  0  12   1   0  77   0   1   0   0   4]
 [  2   1   0   7   0  84   1   0   0   0]
 [  0   3   0   0   0   0 104   0   0   0]
 [  0  11   0   0   1   0   0  87   0   0]
 [  1   8   0   2   0   1   1   3  70   1]
 [  1   4   0   0   5   0   0   3   0  96]]
              precision    recall  f1-score   support

           0       0.94      0.97      0.95        97
           1       0.65      0.99      0.79        95
           2       0.97      0.85      0.90       111
           3       0.90      0.95      0.92       103
           4       0.93      0.81      0.87        95
           5       0.97      0.88      0.92        95
           6       0.95      0.97      0.96       107
           7       0.91      0.88      0.89        99
           8       0.99      0.80      0.89        87
           9       0.94      0.88      0.91       109

    accuracy                           0.90       998
   macro avg       0.91      0.90      0.90       998
weighted avg       0.92      0.90      0.90       998

