Accuracy: 0.9
[[ 96   0   0   0   0   1   0   0   0   0]
 [  0  94   0   0   0   0   0   1   0   0]
 [  1   6  99   1   1   0   0   3   0   0]
 [  2   0   0 100   0   0   0   0   1   0]
 [  0  10   2   0  83   0   0   0   0   0]
 [  2   1   0   9   0  84   1   0   0   0]
 [  3   6   0   0   0   0  97   0   0   0]
 [  0  10   1   0   1   0   0  84   0   1]
 [  1   6   0   3   1   1   0   1  74   0]
 [  0   1   0   0   8   0   0  14   0  89]]
              precision    recall  f1-score   support

           0       0.91      0.99      0.95        97
           1       0.70      0.99      0.82        95
           2       0.97      0.89      0.93       111
           3       0.88      0.97      0.93       103
           4       0.88      0.87      0.88        95
           5       0.98      0.87      0.92        97
           6       0.99      0.92      0.95       106
           7       0.82      0.87      0.84        97
           8       0.99      0.85      0.91        87
           9       0.99      0.79      0.88       112

    accuracy                           0.90      1000
   macro avg       0.91      0.90      0.90      1000
weighted avg       0.91      0.90      0.90      1000

f1score: 0.9016895612635079
