Accuracy: 0.416
[[84  0  1  4  3  0  4  0  1  0]
 [ 0 47  3 10  5  3  3  8 16  0]
 [ 0 10 45  8  2  6  6 28  4  2]
 [ 0 21 14 36  7  2  0 16  5  2]
 [ 6  6  4  3 53  9  4  4  3  3]
 [ 1  9 16  2  3 14 17  9 20  6]
 [ 7  3  3  2  7 10 58  2 11  3]
 [ 2 13 36  1  2  6  1 33  2  1]
 [ 0 29  2  6  2  7  5  3 32  1]
 [ 3  7  9  4 34  7  6 24  4 14]]
              precision    recall  f1-score   support

           0       0.82      0.87      0.84        97
           1       0.32      0.49      0.39        95
           2       0.34      0.41      0.37       111
           3       0.47      0.35      0.40       103
           4       0.45      0.56      0.50        95
           5       0.22      0.14      0.17        97
           6       0.56      0.55      0.55       106
           7       0.26      0.34      0.29        97
           8       0.33      0.37      0.35        87
           9       0.44      0.12      0.19       112

    accuracy                           0.42      1000
   macro avg       0.42      0.42      0.41      1000
weighted avg       0.42      0.42      0.40      1000

f1score: 0.40421549757478714
