Accuracy: 0.8827655310621243
[[ 95   1   0   0   0   1   0   0   0   0]
 [  0  94   0   1   0   0   0   0   0   0]
 [  2  10  93   1   1   1   0   2   1   0]
 [  0   2   0  98   0   0   0   1   2   0]
 [  0  13   1   0  77   0   1   0   0   3]
 [  0   1   0   8   0  85   1   0   0   0]
 [  1   4   0   0   1   1 100   0   0   0]
 [  0  14   0   0   1   0   0  84   0   0]
 [  2   4   0   2   1   1   0   1  71   5]
 [  0   7   0   0   9   0   0   9   0  84]]
              precision    recall  f1-score   support

           0       0.95      0.98      0.96        97
           1       0.63      0.99      0.77        95
           2       0.99      0.84      0.91       111
           3       0.89      0.95      0.92       103
           4       0.86      0.81      0.83        95
           5       0.96      0.89      0.92        95
           6       0.98      0.93      0.96       107
           7       0.87      0.85      0.86        99
           8       0.96      0.82      0.88        87
           9       0.91      0.77      0.84       109

    accuracy                           0.88       998
   macro avg       0.90      0.88      0.88       998
weighted avg       0.90      0.88      0.89       998

