Accuracy: 0.9118236472945892
[[ 94   0   0   1   0   2   0   0   0   0]
 [  0  94   0   0   0   0   0   0   0   1]
 [  1   4 100   1   0   0   0   4   1   0]
 [  1   0   0  94   1   1   0   2   4   0]
 [  0   9   0   0  80   0   2   0   0   4]
 [  0   1   0   6   0  87   1   0   0   0]
 [  1   4   0   0   0   2 100   0   0   0]
 [  0   6   0   0   2   0   0  88   0   3]
 [  2   3   0   2   0   2   0   1  73   4]
 [  0   1   0   0   2   0   0   6   0 100]]
              precision    recall  f1-score   support

           0       0.95      0.97      0.96        97
           1       0.77      0.99      0.87        95
           2       1.00      0.90      0.95       111
           3       0.90      0.91      0.91       103
           4       0.94      0.84      0.89        95
           5       0.93      0.92      0.92        95
           6       0.97      0.93      0.95       107
           7       0.87      0.89      0.88        99
           8       0.94      0.84      0.88        87
           9       0.89      0.92      0.90       109

    accuracy                           0.91       998
   macro avg       0.92      0.91      0.91       998
weighted avg       0.92      0.91      0.91       998

