Accuracy: 0.8787575150300602
[[95  0  0  1  0  1  0  0  0  0]
 [ 0 94  0  0  0  0  0  0  0  1]
 [ 1  8 97  0  1  0  0  3  1  0]
 [ 2  1  2 96  0  0  0  1  1  0]
 [ 0 11  1  0 83  0  0  0  0  0]
 [ 1  1  0 11  0 82  0  0  0  0]
 [ 3  4  0  0  0  1 99  0  0  0]
 [ 0 14  0  0  1  0  0 83  0  1]
 [ 2  5  1  5  1  2  3  4 64  0]
 [ 0  5  0  0  4  0  0 16  0 84]]
              precision    recall  f1-score   support

           0       0.91      0.98      0.95        97
           1       0.66      0.99      0.79        95
           2       0.96      0.87      0.92       111
           3       0.85      0.93      0.89       103
           4       0.92      0.87      0.90        95
           5       0.95      0.86      0.91        95
           6       0.97      0.93      0.95       107
           7       0.78      0.84      0.81        99
           8       0.97      0.74      0.84        87
           9       0.98      0.77      0.86       109

    accuracy                           0.88       998
   macro avg       0.89      0.88      0.88       998
weighted avg       0.90      0.88      0.88       998

