Accuracy: 0.9078156312625251
[[ 93   1   0   1   0   1   1   0   0   0]
 [  0  93   0   0   0   1   0   0   0   1]
 [  1   5  99   0   1   0   1   3   1   0]
 [  2   0   2  96   0   0   0   1   2   0]
 [  0  11   1   0  82   0   0   0   0   1]
 [  2   1   0   7   0  85   0   0   0   0]
 [  2   4   0   0   0   0 101   0   0   0]
 [  0  11   0   0   0   1   0  85   0   2]
 [  2   5   0   2   0   2   0   1  74   1]
 [  0   3   0   0   5   1   0   2   0  98]]
              precision    recall  f1-score   support

           0       0.91      0.96      0.93        97
           1       0.69      0.98      0.81        95
           2       0.97      0.89      0.93       111
           3       0.91      0.93      0.92       103
           4       0.93      0.86      0.90        95
           5       0.93      0.89      0.91        95
           6       0.98      0.94      0.96       107
           7       0.92      0.86      0.89        99
           8       0.96      0.85      0.90        87
           9       0.95      0.90      0.92       109

    accuracy                           0.91       998
   macro avg       0.92      0.91      0.91       998
weighted avg       0.92      0.91      0.91       998

