Accuracy: 0.8977955911823647
[[ 96   0   0   0   0   1   0   0   0   0]
 [  0  94   0   1   0   0   0   0   0   0]
 [  2   9  93   1   1   1   0   3   1   0]
 [  0   1   1  96   0   0   0   2   3   0]
 [  0  10   1   0  82   0   0   1   0   1]
 [  1   1   0   9   0  83   0   0   1   0]
 [  2   4   0   0   0   0 101   0   0   0]
 [  0  12   0   0   0   1   0  85   0   1]
 [  2   5   0   2   0   3   0   1  73   1]
 [  0   2   0   0   3   1   0  10   0  93]]
              precision    recall  f1-score   support

           0       0.93      0.99      0.96        97
           1       0.68      0.99      0.81        95
           2       0.98      0.84      0.90       111
           3       0.88      0.93      0.91       103
           4       0.95      0.86      0.91        95
           5       0.92      0.87      0.90        95
           6       1.00      0.94      0.97       107
           7       0.83      0.86      0.85        99
           8       0.94      0.84      0.88        87
           9       0.97      0.85      0.91       109

    accuracy                           0.90       998
   macro avg       0.91      0.90      0.90       998
weighted avg       0.91      0.90      0.90       998

