Accuracy: 0.8977955911823647
[[ 94   2   0   0   0   1   0   0   0   0]
 [  0  94   0   1   0   0   0   0   0   0]
 [  1   7  96   1   1   1   2   2   0   0]
 [  1   1   0  97   0   1   0   1   2   0]
 [  0  10   1   0  79   0   1   0   0   4]
 [  1   1   0   8   0  84   1   0   0   0]
 [  1   4   0   0   1   0 101   0   0   0]
 [  0  12   0   0   1   1   0  82   0   3]
 [  2   5   0   2   0   3   0   1  74   0]
 [  0   3   0   0   5   1   0   5   0  95]]
              precision    recall  f1-score   support

           0       0.94      0.97      0.95        97
           1       0.68      0.99      0.80        95
           2       0.99      0.86      0.92       111
           3       0.89      0.94      0.92       103
           4       0.91      0.83      0.87        95
           5       0.91      0.88      0.90        95
           6       0.96      0.94      0.95       107
           7       0.90      0.83      0.86        99
           8       0.97      0.85      0.91        87
           9       0.93      0.87      0.90       109

    accuracy                           0.90       998
   macro avg       0.91      0.90      0.90       998
weighted avg       0.91      0.90      0.90       998

