Accuracy: 0.8927855711422845
[[ 95   1   0   0   0   1   0   0   0   0]
 [  0  94   0   1   0   0   0   0   0   0]
 [  1   7  97   1   1   1   0   3   0   0]
 [  0   2   2  96   0   0   0   1   2   0]
 [  0  11   1   0  79   0   1   0   0   3]
 [  1   1   0   9   0  83   1   0   0   0]
 [  3   4   0   0   0   0 100   0   0   0]
 [  0  12   0   0   1   1   0  85   0   0]
 [  2   5   0   2   0   3   0   1  73   1]
 [  0   6   0   0   5   1   0   8   0  89]]
              precision    recall  f1-score   support

           0       0.93      0.98      0.95        97
           1       0.66      0.99      0.79        95
           2       0.97      0.87      0.92       111
           3       0.88      0.93      0.91       103
           4       0.92      0.83      0.87        95
           5       0.92      0.87      0.90        95
           6       0.98      0.93      0.96       107
           7       0.87      0.86      0.86        99
           8       0.97      0.84      0.90        87
           9       0.96      0.82      0.88       109

    accuracy                           0.89       998
   macro avg       0.91      0.89      0.89       998
weighted avg       0.91      0.89      0.90       998

