Accuracy: 0.8987975951903807
[[ 94   2   0   0   0   1   0   0   0   0]
 [  0  94   0   0   0   0   0   0   0   1]
 [  1   9  96   1   1   1   0   2   0   0]
 [  0   1   1  98   0   0   0   1   2   0]
 [  0  11   1   0  79   0   1   0   0   3]
 [  1   1   0   7   0  85   1   0   0   0]
 [  2   4   0   0   0   0 101   0   0   0]
 [  0  11   0   0   2   0   0  85   0   1]
 [  2   5   0   2   0   2   0   1  73   2]
 [  0   6   0   0   6   0   0   5   0  92]]
              precision    recall  f1-score   support

           0       0.94      0.97      0.95        97
           1       0.65      0.99      0.79        95
           2       0.98      0.86      0.92       111
           3       0.91      0.95      0.93       103
           4       0.90      0.83      0.86        95
           5       0.96      0.89      0.92        95
           6       0.98      0.94      0.96       107
           7       0.90      0.86      0.88        99
           8       0.97      0.84      0.90        87
           9       0.93      0.84      0.88       109

    accuracy                           0.90       998
   macro avg       0.91      0.90      0.90       998
weighted avg       0.91      0.90      0.90       998

