Accuracy: 0.8877755511022044
[[ 94   2   0   0   0   1   0   0   0   0]
 [  0  94   0   1   0   0   0   0   0   0]
 [  2  10  93   1   1   1   0   2   1   0]
 [  0   1   1  98   0   0   0   1   2   0]
 [  0  12   0   0  80   0   1   0   0   2]
 [  0   1   0   9   0  84   1   0   0   0]
 [  1   4   0   0   0   0 102   0   0   0]
 [  0  12   0   0   1   1   0  84   0   1]
 [  2   5   0   3   1   3   0   1  70   2]
 [  0   6   0   0   7   1   0   8   0  87]]
              precision    recall  f1-score   support

           0       0.95      0.97      0.96        97
           1       0.64      0.99      0.78        95
           2       0.99      0.84      0.91       111
           3       0.88      0.95      0.91       103
           4       0.89      0.84      0.86        95
           5       0.92      0.88      0.90        95
           6       0.98      0.95      0.97       107
           7       0.88      0.85      0.86        99
           8       0.96      0.80      0.88        87
           9       0.95      0.80      0.87       109

    accuracy                           0.89       998
   macro avg       0.90      0.89      0.89       998
weighted avg       0.90      0.89      0.89       998

