Accuracy: 0.8947895791583166
[[ 95   1   0   0   0   1   0   0   0   0]
 [  0  94   0   1   0   0   0   0   0   0]
 [  1  11  94   1   1   1   0   2   0   0]
 [  0   1   0  99   0   0   0   1   2   0]
 [  0  12   0   0  81   0   1   0   0   1]
 [  0   1   0   7   0  86   1   0   0   0]
 [  1   4   0   0   1   0 101   0   0   0]
 [  0  12   0   0   1   1   0  84   0   1]
 [  2   5   0   2   1   2   0   1  71   3]
 [  0   6   0   0   7   1   0   7   0  88]]
              precision    recall  f1-score   support

           0       0.96      0.98      0.97        97
           1       0.64      0.99      0.78        95
           2       1.00      0.85      0.92       111
           3       0.90      0.96      0.93       103
           4       0.88      0.85      0.87        95
           5       0.93      0.91      0.92        95
           6       0.98      0.94      0.96       107
           7       0.88      0.85      0.87        99
           8       0.97      0.82      0.89        87
           9       0.95      0.81      0.87       109

    accuracy                           0.89       998
   macro avg       0.91      0.90      0.90       998
weighted avg       0.91      0.89      0.90       998

