Accuracy: 0.891
[[95  1  0  0  0  1  0  0  0  0]
 [ 0 95  0  0  0  0  0  0  0  0]
 [ 1  6 97  0  1  0  2  4  0  0]
 [ 0  1  0 97  0  0  0  3  2  0]
 [ 0 11  0  0 83  0  1  0  0  0]
 [ 1  1  0  6  0 88  1  0  0  0]
 [ 1  6  0  0  1  0 98  0  0  0]
 [ 0 12  0  0  1  0  0 80  0  4]
 [ 0  7  0  2  0  2  0  4 70  2]
 [ 0  3  0  0  5  0  0 16  0 88]]
              precision    recall  f1-score   support

           0       0.97      0.98      0.97        97
           1       0.66      1.00      0.80        95
           2       1.00      0.87      0.93       111
           3       0.92      0.94      0.93       103
           4       0.91      0.87      0.89        95
           5       0.97      0.91      0.94        97
           6       0.96      0.92      0.94       106
           7       0.75      0.82      0.78        97
           8       0.97      0.80      0.88        87
           9       0.94      0.79      0.85       112

    accuracy                           0.89      1000
   macro avg       0.91      0.89      0.89      1000
weighted avg       0.91      0.89      0.89      1000

f1score: 0.8937989080987049
