Accuracy: 0.905
[[96  0  0  0  0  1  0  0  0  0]
 [ 0 95  0  0  0  0  0  0  0  0]
 [ 1  7 98  1  1  0  1  1  1  0]
 [ 1  1  0 99  0  0  0  0  2  0]
 [ 0 10  1  0 83  0  0  0  0  1]
 [ 1  1  0  8  0 86  1  0  0  0]
 [ 1  6  0  0  0  0 99  0  0  0]
 [ 0 11  0  0  0  0  0 83  0  3]
 [ 0  6  0  3  0  2  0  2 74  0]
 [ 0  2  0  0  2  0  0 15  1 92]]
              precision    recall  f1-score   support

           0       0.96      0.99      0.97        97
           1       0.68      1.00      0.81        95
           2       0.99      0.88      0.93       111
           3       0.89      0.96      0.93       103
           4       0.97      0.87      0.92        95
           5       0.97      0.89      0.92        97
           6       0.98      0.93      0.96       106
           7       0.82      0.86      0.84        97
           8       0.95      0.85      0.90        87
           9       0.96      0.82      0.88       112

    accuracy                           0.91      1000
   macro avg       0.92      0.91      0.91      1000
weighted avg       0.92      0.91      0.91      1000

f1score: 0.907227708562035
