Accuracy: 0.907
[[95  1  0  0  0  1  0  0  0  0]
 [ 0 95  0  0  0  0  0  0  0  0]
 [ 1  7 98  1  1  0  1  2  0  0]
 [ 0  1  0 98  0  0  0  2  2  0]
 [ 0 10  2  0 82  0  0  0  0  1]
 [ 2  1  0  6  0 87  1  0  0  0]
 [ 1  7  0  0  0  0 98  0  0  0]
 [ 0  8  0  0  1  0  0 84  0  4]
 [ 0  6  0  2  1  1  0  3 73  1]
 [ 0  3  0  0  3  0  0  9  0 97]]
              precision    recall  f1-score   support

           0       0.96      0.98      0.97        97
           1       0.68      1.00      0.81        95
           2       0.98      0.88      0.93       111
           3       0.92      0.95      0.93       103
           4       0.93      0.86      0.90        95
           5       0.98      0.90      0.94        97
           6       0.98      0.92      0.95       106
           7       0.84      0.87      0.85        97
           8       0.97      0.84      0.90        87
           9       0.94      0.87      0.90       112

    accuracy                           0.91      1000
   macro avg       0.92      0.91      0.91      1000
weighted avg       0.92      0.91      0.91      1000

f1score: 0.9093313035985152
