Accuracy: 0.899
[[95  1  0  0  0  1  0  0  0  0]
 [ 0 95  0  0  0  0  0  0  0  0]
 [ 1  6 96  1  1  0  2  4  0  0]
 [ 0  1  0 98  0  0  0  3  1  0]
 [ 0 11  0  0 83  0  1  0  0  0]
 [ 1  1  0  6  0 88  1  0  0  0]
 [ 1  7  0  0  0  0 98  0  0  0]
 [ 0 10  0  0  1  0  0 82  0  4]
 [ 0  6  0  4  1  1  0  3 70  2]
 [ 0  3  0  0  4  0  0 11  0 94]]
              precision    recall  f1-score   support

           0       0.97      0.98      0.97        97
           1       0.67      1.00      0.81        95
           2       1.00      0.86      0.93       111
           3       0.90      0.95      0.92       103
           4       0.92      0.87      0.90        95
           5       0.98      0.91      0.94        97
           6       0.96      0.92      0.94       106
           7       0.80      0.85      0.82        97
           8       0.99      0.80      0.89        87
           9       0.94      0.84      0.89       112

    accuracy                           0.90      1000
   macro avg       0.91      0.90      0.90      1000
weighted avg       0.91      0.90      0.90      1000

f1score: 0.9015501467805834
