Accuracy: 0.879
[[94  2  0  0  0  1  0  0  0  0]
 [ 0 94  0  1  0  0  0  0  0  0]
 [ 2  7 94  1  0  0  1  6  0  0]
 [ 0  1  1 99  0  0  0  1  1  0]
 [ 0 12  1  0 76  0  1  0  0  5]
 [ 0  1  0  7  0 88  1  0  0  0]
 [ 2  7  0  0  0  0 97  0  0  0]
 [ 0 10  0  0  1  0  0 83  0  3]
 [ 0  5  0  5  0  2  0  5 68  2]
 [ 0  3  0  0  6  0  0 17  0 86]]
              precision    recall  f1-score   support

           0       0.96      0.97      0.96        97
           1       0.66      0.99      0.79        95
           2       0.98      0.85      0.91       111
           3       0.88      0.96      0.92       103
           4       0.92      0.80      0.85        95
           5       0.97      0.91      0.94        97
           6       0.97      0.92      0.94       106
           7       0.74      0.86      0.79        97
           8       0.99      0.78      0.87        87
           9       0.90      0.77      0.83       112

    accuracy                           0.88      1000
   macro avg       0.90      0.88      0.88      1000
weighted avg       0.90      0.88      0.88      1000

