Accuracy: 0.883
[[95  1  0  0  0  1  0  0  0  0]
 [ 0 94  0  0  0  0  0  1  0  0]
 [ 2  9 96  1  1  0  0  1  1  0]
 [ 2  0  1 98  0  0  0  1  1  0]
 [ 0 11  0  0 83  0  0  0  0  1]
 [ 1  1  0  9  0 85  0  0  1  0]
 [ 2  5  1  0  1  0 97  0  0  0]
 [ 0  7  1  0  2  0  0 85  0  2]
 [ 0  8  0  7  0  3  0  1 68  0]
 [ 0  2  0  0  8  0  0 20  0 82]]
              precision    recall  f1-score   support

           0       0.93      0.98      0.95        97
           1       0.68      0.99      0.81        95
           2       0.97      0.86      0.91       111
           3       0.85      0.95      0.90       103
           4       0.87      0.87      0.87        95
           5       0.96      0.88      0.91        97
           6       1.00      0.92      0.96       106
           7       0.78      0.88      0.83        97
           8       0.96      0.78      0.86        87
           9       0.96      0.73      0.83       112

    accuracy                           0.88      1000
   macro avg       0.90      0.88      0.88      1000
weighted avg       0.90      0.88      0.88      1000

