Accuracy: 0.906
[[95  1  0  0  0  1  0  0  0  0]
 [ 0 94  0  0  0  0  0  0  0  1]
 [ 2  5 97  1  1  0  0  4  1  0]
 [ 1  1  1 96  1  1  0  0  2  0]
 [ 0 10  1  0 82  0  0  0  0  2]
 [ 1  1  0  5  0 89  0  0  1  0]
 [ 1  6  0  0  0  0 99  0  0  0]
 [ 1  6  0  0  1  0  0 85  0  4]
 [ 0  6  0  3  0  2  0  2 73  1]
 [ 0  0  1  0  2  0  0 12  1 96]]
              precision    recall  f1-score   support

           0       0.94      0.98      0.96        97
           1       0.72      0.99      0.84        95
           2       0.97      0.87      0.92       111
           3       0.91      0.93      0.92       103
           4       0.94      0.86      0.90        95
           5       0.96      0.92      0.94        97
           6       1.00      0.93      0.97       106
           7       0.83      0.88      0.85        97
           8       0.94      0.84      0.88        87
           9       0.92      0.86      0.89       112

    accuracy                           0.91      1000
   macro avg       0.91      0.91      0.91      1000
weighted avg       0.91      0.91      0.91      1000

