Accuracy: 0.893
[[95  1  0  0  0  1  0  0  0  0]
 [ 0 94  0  0  0  0  0  0  0  1]
 [ 2  8 95  0  0  0  0  5  1  0]
 [ 0  2  1 96  1  0  0  1  2  0]
 [ 0  9  1  0 83  0  0  0  0  2]
 [ 1  1  0  9  0 85  0  0  1  0]
 [ 1  6  0  0  0  0 99  0  0  0]
 [ 0  8  0  0  1  0  0 85  0  3]
 [ 0  7  0  3  0  3  0  1 71  2]
 [ 0  2  0  0  2  0  0 18  0 90]]
              precision    recall  f1-score   support

           0       0.96      0.98      0.97        97
           1       0.68      0.99      0.81        95
           2       0.98      0.86      0.91       111
           3       0.89      0.93      0.91       103
           4       0.95      0.87      0.91        95
           5       0.96      0.88      0.91        97
           6       1.00      0.93      0.97       106
           7       0.77      0.88      0.82        97
           8       0.95      0.82      0.88        87
           9       0.92      0.80      0.86       112

    accuracy                           0.89      1000
   macro avg       0.91      0.89      0.89      1000
weighted avg       0.91      0.89      0.90      1000

