Accuracy: 0.9
[[ 94   2   0   0   0   1   0   0   0   0]
 [  0  94   0   0   0   0   0   0   0   1]
 [  2   7  93   0   1   0   1   5   2   0]
 [  0   1   1  98   0   0   0   1   2   0]
 [  0  12   0   0  82   0   0   0   0   1]
 [  0   1   0   7   0  88   1   0   0   0]
 [  0   5   0   0   0   0 101   0   0   0]
 [  0   6   0   0   1   0   0  87   0   3]
 [  0   7   0   4   0   3   0   3  70   0]
 [  0   3   0   0   3   0   0  13   0  93]]
              precision    recall  f1-score   support

           0       0.98      0.97      0.97        97
           1       0.68      0.99      0.81        95
           2       0.99      0.84      0.91       111
           3       0.90      0.95      0.92       103
           4       0.94      0.86      0.90        95
           5       0.96      0.91      0.93        97
           6       0.98      0.95      0.97       106
           7       0.80      0.90      0.84        97
           8       0.95      0.80      0.87        87
           9       0.95      0.83      0.89       112

    accuracy                           0.90      1000
   macro avg       0.91      0.90      0.90      1000
weighted avg       0.91      0.90      0.90      1000

