Accuracy: 0.889
[[94  2  0  0  0  1  0  0  0  0]
 [ 0 94  0  1  0  0  0  0  0  0]
 [ 1  7 95  1  1  0  1  5  0  0]
 [ 0  2  1 99  0  0  0  0  1  0]
 [ 0 10  1  0 83  0  0  0  0  1]
 [ 0  1  0  7  0 88  1  0  0  0]
 [ 1  7  0  0  0  0 98  0  0  0]
 [ 0 11  0  0  2  0  0 82  0  2]
 [ 0  6  0  4  0  4  0  3 68  2]
 [ 0  4  0  0  5  0  0 15  0 88]]
              precision    recall  f1-score   support

           0       0.98      0.97      0.97        97
           1       0.65      0.99      0.79        95
           2       0.98      0.86      0.91       111
           3       0.88      0.96      0.92       103
           4       0.91      0.87      0.89        95
           5       0.95      0.91      0.93        97
           6       0.98      0.92      0.95       106
           7       0.78      0.85      0.81        97
           8       0.99      0.78      0.87        87
           9       0.95      0.79      0.86       112

    accuracy                           0.89      1000
   macro avg       0.90      0.89      0.89      1000
weighted avg       0.91      0.89      0.89      1000

