Accuracy: 0.881
[[94  2  0  0  0  1  0  0  0  0]
 [ 0 94  0  1  0  0  0  0  0  0]
 [ 1  7 95  1  0  0  1  5  1  0]
 [ 0  1  0 99  0  1  0  1  1  0]
 [ 0 12  1  0 78  0  1  0  0  3]
 [ 0  1  0  8  0 88  0  0  0  0]
 [ 1  7  0  0  0  0 98  0  0  0]
 [ 0 10  0  0  0  0  0 83  0  4]
 [ 0  5  0  7  0  3  0  5 66  1]
 [ 0  2  0  0  4  0  0 20  0 86]]
              precision    recall  f1-score   support

           0       0.98      0.97      0.97        97
           1       0.67      0.99      0.80        95
           2       0.99      0.86      0.92       111
           3       0.85      0.96      0.90       103
           4       0.95      0.82      0.88        95
           5       0.95      0.91      0.93        97
           6       0.98      0.92      0.95       106
           7       0.73      0.86      0.79        97
           8       0.97      0.76      0.85        87
           9       0.91      0.77      0.83       112

    accuracy                           0.88      1000
   macro avg       0.90      0.88      0.88      1000
weighted avg       0.90      0.88      0.88      1000

