Accuracy: 0.896
[[96  0  0  0  0  1  0  0  0  0]
 [ 0 95  0  0  0  0  0  0  0  0]
 [ 1  7 98  1  1  0  0  3  0  0]
 [ 1  1  0 99  0  0  0  0  2  0]
 [ 0 11  2  0 81  0  0  0  0  1]
 [ 2  1  0  9  0 84  1  0  0  0]
 [ 2  6  0  1  0  0 97  0  0  0]
 [ 0 10  1  0  1  0  0 84  0  1]
 [ 0  5  0  4  1  2  0  2 73  0]
 [ 0  1  0  0  6  0  0 16  0 89]]
              precision    recall  f1-score   support

           0       0.94      0.99      0.96        97
           1       0.69      1.00      0.82        95
           2       0.97      0.88      0.92       111
           3       0.87      0.96      0.91       103
           4       0.90      0.85      0.88        95
           5       0.97      0.87      0.91        97
           6       0.99      0.92      0.95       106
           7       0.80      0.87      0.83        97
           8       0.97      0.84      0.90        87
           9       0.98      0.79      0.88       112

    accuracy                           0.90      1000
   macro avg       0.91      0.90      0.90      1000
weighted avg       0.91      0.90      0.90      1000

f1score: 0.897839771601119
