Accuracy: 0.923
[[ 94   0   0   1   0   1   1   0   0   0]
 [  0  93   0   0   0   1   0   0   0   1]
 [  0   0 105   1   0   0   0   2   2   1]
 [  1   0   0  99   0   0   0   0   3   0]
 [  0   9   0   0  82   1   1   0   0   2]
 [  2   0   0   6   0  88   1   0   0   0]
 [  2   5   0   0   0   0  99   0   0   0]
 [  0   4   1   0   1   0   0  88   0   3]
 [  0   3   0   2   0   1   0   3  76   2]
 [  0   1   0   0   2   0   0  10   0  99]]
              precision    recall  f1-score   support

           0       0.95      0.97      0.96        97
           1       0.81      0.98      0.89        95
           2       0.99      0.95      0.97       111
           3       0.91      0.96      0.93       103
           4       0.96      0.86      0.91        95
           5       0.96      0.91      0.93        97
           6       0.97      0.93      0.95       106
           7       0.85      0.91      0.88        97
           8       0.94      0.87      0.90        87
           9       0.92      0.88      0.90       112

    accuracy                           0.92      1000
   macro avg       0.93      0.92      0.92      1000
weighted avg       0.93      0.92      0.92      1000

