Accuracy: 0.899
[[ 96   0   0   0   0   1   0   0   0   0]
 [  0  95   0   0   0   0   0   0   0   0]
 [  2   6 100   0   1   0   0   2   0   0]
 [  1   0   0 100   0   1   0   0   1   0]
 [  0  10   1   0  83   0   0   0   0   1]
 [  2   1   0  10   0  83   1   0   0   0]
 [  2   6   0   0   0   0  98   0   0   0]
 [  0   9   1   0   2   0   0  85   0   0]
 [  1   5   0   3   2   3   0   2  70   1]
 [  0   2   0   0   4   0   0  17   0  89]]
              precision    recall  f1-score   support

           0       0.92      0.99      0.96        97
           1       0.71      1.00      0.83        95
           2       0.98      0.90      0.94       111
           3       0.88      0.97      0.93       103
           4       0.90      0.87      0.89        95
           5       0.94      0.86      0.90        97
           6       0.99      0.92      0.96       106
           7       0.80      0.88      0.84        97
           8       0.99      0.80      0.89        87
           9       0.98      0.79      0.88       112

    accuracy                           0.90      1000
   macro avg       0.91      0.90      0.90      1000
weighted avg       0.91      0.90      0.90      1000

