Accuracy: 0.917
[[ 96   0   0   0   0   1   0   0   0   0]
 [  0  95   0   0   0   0   0   0   0   0]
 [  0   5 103   0   1   0   0   2   0   0]
 [  1   0   0  99   0   0   0   1   2   0]
 [  0  10   1   0  81   0   1   0   0   2]
 [  2   1   0   6   0  87   1   0   0   0]
 [  2   5   0   0   0   0  99   0   0   0]
 [  0   9   0   0   0   0   0  85   0   3]
 [  1   3   0   2   1   1   0   2  76   1]
 [  0   1   0   0   2   0   0  12   1  96]]
              precision    recall  f1-score   support

           0       0.94      0.99      0.96        97
           1       0.74      1.00      0.85        95
           2       0.99      0.93      0.96       111
           3       0.93      0.96      0.94       103
           4       0.95      0.85      0.90        95
           5       0.98      0.90      0.94        97
           6       0.98      0.93      0.96       106
           7       0.83      0.88      0.85        97
           8       0.96      0.87      0.92        87
           9       0.94      0.86      0.90       112

    accuracy                           0.92      1000
   macro avg       0.92      0.92      0.92      1000
weighted avg       0.93      0.92      0.92      1000

