Accuracy: 0.903
[[ 96   0   0   0   0   1   0   0   0   0]
 [  0  95   0   0   0   0   0   0   0   0]
 [  0   6 100   1   1   0   1   2   0   0]
 [  0   1   0  99   0   0   0   1   2   0]
 [  0  10   2   0  83   0   0   0   0   0]
 [  1   1   0   8   0  86   1   0   0   0]
 [  1   7   0   0   1   0  97   0   0   0]
 [  0  10   0   0   1   0   0  82   0   4]
 [  0   6   0   2   1   1   0   3  73   1]
 [  0   3   0   0   4   0   0  13   0  92]]
              precision    recall  f1-score   support

           0       0.98      0.99      0.98        97
           1       0.68      1.00      0.81        95
           2       0.98      0.90      0.94       111
           3       0.90      0.96      0.93       103
           4       0.91      0.87      0.89        95
           5       0.98      0.89      0.93        97
           6       0.98      0.92      0.95       106
           7       0.81      0.85      0.83        97
           8       0.97      0.84      0.90        87
           9       0.95      0.82      0.88       112

    accuracy                           0.90      1000
   macro avg       0.91      0.90      0.90      1000
weighted avg       0.92      0.90      0.91      1000

