Accuracy: 0.892
[[95  1  0  0  0  1  0  0  0  0]
 [ 0 94  0  1  0  0  0  0  0  0]
 [ 1  6 99  0  1  0  1  3  0  0]
 [ 0  1  0 99  0  0  0  3  0  0]
 [ 0 11  1  0 83  0  0  0  0  0]
 [ 1  1  0  7  0 87  1  0  0  0]
 [ 1  8  0  0  1  0 96  0  0  0]
 [ 0 11  0  0  1  0  0 81  0  4]
 [ 0  7  0  4  1  2  0  4 68  1]
 [ 0  3  0  0  4  0  0 15  0 90]]
              precision    recall  f1-score   support

           0       0.97      0.98      0.97        97
           1       0.66      0.99      0.79        95
           2       0.99      0.89      0.94       111
           3       0.89      0.96      0.93       103
           4       0.91      0.87      0.89        95
           5       0.97      0.90      0.93        97
           6       0.98      0.91      0.94       106
           7       0.76      0.84      0.80        97
           8       1.00      0.78      0.88        87
           9       0.95      0.80      0.87       112

    accuracy                           0.89      1000
   macro avg       0.91      0.89      0.89      1000
weighted avg       0.91      0.89      0.89      1000

