Accuracy: 0.92
[[ 96   0   0   0   0   1   0   0   0   0]
 [  0  95   0   0   0   0   0   0   0   0]
 [  0   4 102   0   1   0   1   2   1   0]
 [  0   1   0  98   0   1   0   1   2   0]
 [  0  10   2   0  82   0   0   0   0   1]
 [  1   1   0   6   0  88   1   0   0   0]
 [  2   5   0   0   0   0  99   0   0   0]
 [  1   8   0   0   0   0   0  85   0   3]
 [  1   4   0   2   0   1   0   1  77   1]
 [  0   1   0   0   5   0   0   7   1  98]]
              precision    recall  f1-score   support

           0       0.95      0.99      0.97        97
           1       0.74      1.00      0.85        95
           2       0.98      0.92      0.95       111
           3       0.92      0.95      0.94       103
           4       0.93      0.86      0.90        95
           5       0.97      0.91      0.94        97
           6       0.98      0.93      0.96       106
           7       0.89      0.88      0.88        97
           8       0.95      0.89      0.92        87
           9       0.95      0.88      0.91       112

    accuracy                           0.92      1000
   macro avg       0.93      0.92      0.92      1000
weighted avg       0.93      0.92      0.92      1000

f1score: 0.9211843619685772
