Accuracy: 0.898
[[ 95   1   0   0   0   1   0   0   0   0]
 [  0  94   0   1   0   0   0   0   0   0]
 [  1   7  97   0   1   0   1   4   0   0]
 [  0   2   1  97   0   1   0   1   1   0]
 [  0  11   2   0  82   0   0   0   0   0]
 [  1   0   0   7   0  88   1   0   0   0]
 [  0   5   0   0   0   0 101   0   0   0]
 [  0  10   0   0   1   0   0  83   0   3]
 [  0   7   0   6   0   1   0   2  71   0]
 [  0   2   0   0   4   0   0  16   0  90]]
              precision    recall  f1-score   support

           0       0.98      0.98      0.98        97
           1       0.68      0.99      0.80        95
           2       0.97      0.87      0.92       111
           3       0.87      0.94      0.91       103
           4       0.93      0.86      0.90        95
           5       0.97      0.91      0.94        97
           6       0.98      0.95      0.97       106
           7       0.78      0.86      0.82        97
           8       0.99      0.82      0.89        87
           9       0.97      0.80      0.88       112

    accuracy                           0.90      1000
   macro avg       0.91      0.90      0.90      1000
weighted avg       0.91      0.90      0.90      1000

f1score: 0.9005101472306243
