Accuracy: 0.891
[[96  0  0  0  0  1  0  0  0  0]
 [ 0 94  0  0  0  0  0  1  0  0]
 [ 1  7 98  1  1  0  0  3  0  0]
 [ 1  1  1 98  0  1  0  0  1  0]
 [ 0 11  2  0 82  0  0  0  0  0]
 [ 2  1  0  8  0 85  1  0  0  0]
 [ 3  7  0  0  0  0 96  0  0  0]
 [ 0 10  0  0  1  0  0 85  0  1]
 [ 0  6  1  5  1  2  0  2 70  0]
 [ 0  2  0  0  6  0  0 17  0 87]]
              precision    recall  f1-score   support

           0       0.93      0.99      0.96        97
           1       0.68      0.99      0.80        95
           2       0.96      0.88      0.92       111
           3       0.88      0.95      0.91       103
           4       0.90      0.86      0.88        95
           5       0.96      0.88      0.91        97
           6       0.99      0.91      0.95       106
           7       0.79      0.88      0.83        97
           8       0.99      0.80      0.89        87
           9       0.99      0.78      0.87       112

    accuracy                           0.89      1000
   macro avg       0.91      0.89      0.89      1000
weighted avg       0.91      0.89      0.89      1000

f1score: 0.893126450273172
