Accuracy: 0.903
[[96  0  0  0  0  1  0  0  0  0]
 [ 0 94  0  0  0  0  0  0  0  1]
 [ 0  7 99  0  1  0  1  3  0  0]
 [ 0  1  0 98  0  1  0  2  1  0]
 [ 0 10  1  0 82  0  1  0  0  1]
 [ 1  1  0  7  0 87  1  0  0  0]
 [ 1  6  0  0  0  0 99  0  0  0]
 [ 1 11  0  0  0  0  0 84  0  1]
 [ 0  5  0  7  1  1  0  2 70  1]
 [ 0  2  0  0  5  0  0 11  0 94]]
              precision    recall  f1-score   support

           0       0.97      0.99      0.98        97
           1       0.69      0.99      0.81        95
           2       0.99      0.89      0.94       111
           3       0.88      0.95      0.91       103
           4       0.92      0.86      0.89        95
           5       0.97      0.90      0.93        97
           6       0.97      0.93      0.95       106
           7       0.82      0.87      0.84        97
           8       0.99      0.80      0.89        87
           9       0.96      0.84      0.90       112

    accuracy                           0.90      1000
   macro avg       0.91      0.90      0.90      1000
weighted avg       0.92      0.90      0.91      1000

f1score: 0.9051411438304053
