Accuracy: 0.904
[[ 95   1   0   0   0   1   0   0   0   0]
 [  0  94   0   0   0   0   0   0   0   1]
 [  0   7  99   0   1   0   1   3   0   0]
 [  0   1   0  97   0   1   0   2   2   0]
 [  0  11   1   0  83   0   0   0   0   0]
 [  1   1   0   6   0  88   1   0   0   0]
 [  0   6   0   0   0   0 100   0   0   0]
 [  0   8   0   0   1   0   0  85   0   3]
 [  0   7   0   7   0   1   0   2  68   2]
 [  0   2   0   0   5   0   0  10   0  95]]
              precision    recall  f1-score   support

           0       0.99      0.98      0.98        97
           1       0.68      0.99      0.81        95
           2       0.99      0.89      0.94       111
           3       0.88      0.94      0.91       103
           4       0.92      0.87      0.90        95
           5       0.97      0.91      0.94        97
           6       0.98      0.94      0.96       106
           7       0.83      0.88      0.85        97
           8       0.97      0.78      0.87        87
           9       0.94      0.85      0.89       112

    accuracy                           0.90      1000
   macro avg       0.92      0.90      0.90      1000
weighted avg       0.92      0.90      0.91      1000

f1score: 0.9062262455317083
