Accuracy: 0.893
[[95  1  0  0  0  1  0  0  0  0]
 [ 0 94  0  1  0  0  0  0  0  0]
 [ 0  7 99  0  1  0  1  3  0  0]
 [ 0  2  0 98  0  1  0  1  1  0]
 [ 0 11  1  0 83  0  0  0  0  0]
 [ 1  0  0  7  0 88  1  0  0  0]
 [ 0  7  0  0  0  0 99  0  0  0]
 [ 0 11  0  0  1  0  0 81  0  4]
 [ 0  7  0  7  0  1  0  3 67  2]
 [ 0  2  0  0  5  0  0 16  0 89]]
              precision    recall  f1-score   support

           0       0.99      0.98      0.98        97
           1       0.66      0.99      0.79        95
           2       0.99      0.89      0.94       111
           3       0.87      0.95      0.91       103
           4       0.92      0.87      0.90        95
           5       0.97      0.91      0.94        97
           6       0.98      0.93      0.96       106
           7       0.78      0.84      0.81        97
           8       0.99      0.77      0.86        87
           9       0.94      0.79      0.86       112

    accuracy                           0.89      1000
   macro avg       0.91      0.89      0.89      1000
weighted avg       0.91      0.89      0.90      1000

f1score: 0.8956192228487726
