Accuracy: 0.905
[[96  0  0  0  0  1  0  0  0  0]
 [ 0 94  0  0  0  0  0  0  0  1]
 [ 1  7 98  0  1  0  1  3  0  0]
 [ 0  1  1 99  0  0  0  0  2  0]
 [ 0 10  1  0 83  0  0  0  0  1]
 [ 1  0  0  7  0 88  1  0  0  0]
 [ 1  6  0  0  0  0 99  0  0  0]
 [ 0 10  0  0  0  0  0 84  0  3]
 [ 0  6  0  6  0  1  0  2 71  1]
 [ 0  2  0  0  4  0  0 13  0 93]]
              precision    recall  f1-score   support

           0       0.97      0.99      0.98        97
           1       0.69      0.99      0.81        95
           2       0.98      0.88      0.93       111
           3       0.88      0.96      0.92       103
           4       0.94      0.87      0.91        95
           5       0.98      0.91      0.94        97
           6       0.98      0.93      0.96       106
           7       0.82      0.87      0.84        97
           8       0.97      0.82      0.89        87
           9       0.94      0.83      0.88       112

    accuracy                           0.91      1000
   macro avg       0.92      0.91      0.91      1000
weighted avg       0.92      0.91      0.91      1000

f1score: 0.9069933346110567
