Accuracy: 0.902
[[96  0  0  0  0  1  0  0  0  0]
 [ 0 94  0  0  0  0  0  1  0  0]
 [ 1  7 99  0  1  0  0  3  0  0]
 [ 1  1  0 99  0  1  0  0  1  0]
 [ 0 10  2  0 82  0  0  0  0  1]
 [ 2  1  0  6  0 87  1  0  0  0]
 [ 2  6  0  0  1  1 96  0  0  0]
 [ 0 11  0  0  1  0  0 85  0  0]
 [ 0  4  0  5  2  2  0  1 73  0]
 [ 0  2  0  0  5  0  0 14  0 91]]
              precision    recall  f1-score   support

           0       0.94      0.99      0.96        97
           1       0.69      0.99      0.81        95
           2       0.98      0.89      0.93       111
           3       0.90      0.96      0.93       103
           4       0.89      0.86      0.88        95
           5       0.95      0.90      0.92        97
           6       0.99      0.91      0.95       106
           7       0.82      0.88      0.85        97
           8       0.99      0.84      0.91        87
           9       0.99      0.81      0.89       112

    accuracy                           0.90      1000
   macro avg       0.91      0.90      0.90      1000
weighted avg       0.92      0.90      0.90      1000

f1score: 0.9040492797273135
