Accuracy: 0.884
[[96  0  0  0  0  1  0  0  0  0]
 [ 0 94  0  0  0  0  0  1  0  0]
 [ 2  7 98  1  0  0  1  2  0  0]
 [ 1  2  3 95  0  0  0  1  1  0]
 [ 0  9  0  0 85  1  0  0  0  0]
 [ 0  1  0 11  0 84  1  0  0  0]
 [ 2  6  0  0  0  1 97  0  0  0]
 [ 1  7  1  0  0  0  0 86  0  2]
 [ 1  7  0  6  1  3  0  3 65  1]
 [ 0  1  0  0  9  0  0 18  0 84]]
              precision    recall  f1-score   support

           0       0.93      0.99      0.96        97
           1       0.70      0.99      0.82        95
           2       0.96      0.88      0.92       111
           3       0.84      0.92      0.88       103
           4       0.89      0.89      0.89        95
           5       0.93      0.87      0.90        97
           6       0.98      0.92      0.95       106
           7       0.77      0.89      0.83        97
           8       0.98      0.75      0.85        87
           9       0.97      0.75      0.84       112

    accuracy                           0.88      1000
   macro avg       0.90      0.88      0.88      1000
weighted avg       0.90      0.88      0.88      1000

f1score: 0.8849964143545943
