Accuracy: 0.47
[[68  3  3  5  0  2  7  9  0  0]
 [ 0 68  2  0 20  0  0  0  4  1]
 [ 9  4 31  4  8 18  9 21  4  3]
 [ 7  1  5 44  0 17  4  4 15  6]
 [ 0 26  5  2 53  2  2  1  1  3]
 [ 9  2 10 15  3 30  6  7 10  5]
 [ 8  2  9  6 16  5 51  5  2  2]
 [ 5  2 16  0  1  9 10 39  3 12]
 [ 0  6  3 11  7 10  2  3 30 15]
 [ 0  3  4  7  7  6  1 11 17 56]]
              precision    recall  f1-score   support

           0       0.64      0.70      0.67        97
           1       0.58      0.72      0.64        95
           2       0.35      0.28      0.31       111
           3       0.47      0.43      0.45       103
           4       0.46      0.56      0.50        95
           5       0.30      0.31      0.31        97
           6       0.55      0.48      0.52       106
           7       0.39      0.40      0.40        97
           8       0.35      0.34      0.35        87
           9       0.54      0.50      0.52       112

    accuracy                           0.47      1000
   macro avg       0.46      0.47      0.47      1000
weighted avg       0.47      0.47      0.47      1000

f1score: 0.4656976916895765
