Accuracy: 0.481
[[83  4  3  1  0  3  2  1  0  0]
 [ 0 83  1  0  9  0  0  0  2  0]
 [16 10 46  9  6  3  6  9  5  1]
 [10  3  4 58  0 15  3  3  6  1]
 [ 1 30  4  1 54  1  1  3  0  0]
 [14  1 13 22  4 24  4  7  7  1]
 [12  6 10  3 21  5 44  3  1  1]
 [ 6  5 23  0  6 14  5 29  4  5]
 [ 1  9  7 16  9  5  2  4 25  9]
 [ 2  5  7 11  6  6  4 19 17 35]]
              precision    recall  f1-score   support

           0       0.57      0.86      0.69        97
           1       0.53      0.87      0.66        95
           2       0.39      0.41      0.40       111
           3       0.48      0.56      0.52       103
           4       0.47      0.57      0.51        95
           5       0.32      0.25      0.28        97
           6       0.62      0.42      0.50       106
           7       0.37      0.30      0.33        97
           8       0.37      0.29      0.32        87
           9       0.66      0.31      0.42       112

    accuracy                           0.48      1000
   macro avg       0.48      0.48      0.46      1000
weighted avg       0.48      0.48      0.46      1000

f1score: 0.46368052633583495
