Accuracy: 0.91
[[ 95   1   0   0   0   1   0   0   0   0]
 [  0  94   0   0   0   0   0   0   0   1]
 [  0   5 100   0   1   0   1   3   0   1]
 [  0   1   0  97   0   1   0   2   2   0]
 [  0  11   1   0  83   0   0   0   0   0]
 [  1   1   0   6   0  88   1   0   0   0]
 [  0   6   0   0   0   0 100   0   0   0]
 [  0   9   0   0   1   0   0  84   0   3]
 [  0   6   0   4   0   1   0   2  73   1]
 [  0   2   0   0   4   0   0  10   0  96]]
              precision    recall  f1-score   support

           0       0.99      0.98      0.98        97
           1       0.69      0.99      0.81        95
           2       0.99      0.90      0.94       111
           3       0.91      0.94      0.92       103
           4       0.93      0.87      0.90        95
           5       0.97      0.91      0.94        97
           6       0.98      0.94      0.96       106
           7       0.83      0.87      0.85        97
           8       0.97      0.84      0.90        87
           9       0.94      0.86      0.90       112

    accuracy                           0.91      1000
   macro avg       0.92      0.91      0.91      1000
weighted avg       0.92      0.91      0.91      1000

f1score: 0.9123121356991024
