Accuracy: 0.897
[[ 95   1   0   0   0   1   0   0   0   0]
 [  0  94   0   0   0   0   0   0   0   1]
 [  0   7  99   0   1   0   1   3   0   0]
 [  0   2   1  98   0   0   0   1   1   0]
 [  0  11   1   0  83   0   0   0   0   0]
 [  1   1   0   6   0  88   1   0   0   0]
 [  0   6   0   0   0   0 100   0   0   0]
 [  0  11   0   0   1   0   0  82   0   3]
 [  0   7   0   7   0   1   0   3  68   1]
 [  0   2   0   0   5   0   0  15   0  90]]
              precision    recall  f1-score   support

           0       0.99      0.98      0.98        97
           1       0.66      0.99      0.79        95
           2       0.98      0.89      0.93       111
           3       0.88      0.95      0.92       103
           4       0.92      0.87      0.90        95
           5       0.98      0.91      0.94        97
           6       0.98      0.94      0.96       106
           7       0.79      0.85      0.82        97
           8       0.99      0.78      0.87        87
           9       0.95      0.80      0.87       112

    accuracy                           0.90      1000
   macro avg       0.91      0.90      0.90      1000
weighted avg       0.91      0.90      0.90      1000

f1score: 0.8996993123015138
