Accuracy: 0.926
[[ 93   1   0   0   0   2   1   0   0   0]
 [  0  93   0   0   0   1   0   0   0   1]
 [  1   0 104   1   0   0   0   2   2   1]
 [  1   0   0 100   0   0   0   0   2   0]
 [  0   8   0   0  83   1   1   0   0   2]
 [  1   1   0   6   0  88   1   0   0   0]
 [  1   5   0   0   1   0  99   0   0   0]
 [  0   3   1   0   1   0   0  87   0   5]
 [  1   3   0   1   1   2   0   1  78   0]
 [  0   1   0   0   1   0   0   9   0 101]]
              precision    recall  f1-score   support

           0       0.95      0.96      0.95        97
           1       0.81      0.98      0.89        95
           2       0.99      0.94      0.96       111
           3       0.93      0.97      0.95       103
           4       0.95      0.87      0.91        95
           5       0.94      0.91      0.92        97
           6       0.97      0.93      0.95       106
           7       0.88      0.90      0.89        97
           8       0.95      0.90      0.92        87
           9       0.92      0.90      0.91       112

    accuracy                           0.93      1000
   macro avg       0.93      0.93      0.93      1000
weighted avg       0.93      0.93      0.93      1000

f1score: 0.9264493985790163
