Accuracy: 0.901
[[ 96   0   0   0   0   1   0   0   0   0]
 [  0  94   0   0   0   0   0   0   0   1]
 [  1   6  99   1   1   0   0   3   0   0]
 [  2   0   0 101   0   0   0   0   0   0]
 [  0  11   1   0  83   0   0   0   0   0]
 [  2   1   0   9   0  84   1   0   0   0]
 [  2   5   0   0   1   0  98   0   0   0]
 [  0  11   1   0   1   0   0  84   0   0]
 [  1   5   1   3   1   2   0   1  73   0]
 [  0   1   0   0   7   0   0  15   0  89]]
              precision    recall  f1-score   support

           0       0.92      0.99      0.96        97
           1       0.70      0.99      0.82        95
           2       0.97      0.89      0.93       111
           3       0.89      0.98      0.93       103
           4       0.88      0.87      0.88        95
           5       0.97      0.87      0.91        97
           6       0.99      0.92      0.96       106
           7       0.82      0.87      0.84        97
           8       1.00      0.84      0.91        87
           9       0.99      0.79      0.88       112

    accuracy                           0.90      1000
   macro avg       0.91      0.90      0.90      1000
weighted avg       0.91      0.90      0.90      1000

f1score: 0.9026225473176059
