Accuracy: 0.913
[[ 95   1   0   0   0   1   0   0   0   0]
 [  0  94   0   0   0   0   0   0   0   1]
 [  0   6 101   0   1   0   1   2   0   0]
 [  1   1   0  97   0   0   0   1   3   0]
 [  0  10   1   0  83   0   1   0   0   0]
 [  1   1   0   6   0  88   1   0   0   0]
 [  0   5   0   0   0   0 101   0   0   0]
 [  0   8   0   0   2   0   0  84   0   3]
 [  0   5   0   3   0   1   0   1  76   1]
 [  0   2   0   0   6   0   0  10   0  94]]
              precision    recall  f1-score   support

           0       0.98      0.98      0.98        97
           1       0.71      0.99      0.82        95
           2       0.99      0.91      0.95       111
           3       0.92      0.94      0.93       103
           4       0.90      0.87      0.89        95
           5       0.98      0.91      0.94        97
           6       0.97      0.95      0.96       106
           7       0.86      0.87      0.86        97
           8       0.96      0.87      0.92        87
           9       0.95      0.84      0.89       112

    accuracy                           0.91      1000
   macro avg       0.92      0.91      0.91      1000
weighted avg       0.92      0.91      0.91      1000

f1score: 0.9148195182465843
