Accuracy: 0.904
[[ 96   0   0   0   0   1   0   0   0   0]
 [  0  94   0   0   0   0   0   1   0   0]
 [  1   6  99   1   1   0   0   3   0   0]
 [  2   0   0 100   0   1   0   0   0   0]
 [  0  10   2   0  82   0   0   0   0   1]
 [  2   1   0   8   0  85   1   0   0   0]
 [  2   6   0   0   1   0  97   0   0   0]
 [  0  10   1   0   1   0   0  84   0   1]
 [  0   5   0   4   0   2   0   1  75   0]
 [  0   1   0   0   6   0   0  13   0  92]]
              precision    recall  f1-score   support

           0       0.93      0.99      0.96        97
           1       0.71      0.99      0.82        95
           2       0.97      0.89      0.93       111
           3       0.88      0.97      0.93       103
           4       0.90      0.86      0.88        95
           5       0.96      0.88      0.91        97
           6       0.99      0.92      0.95       106
           7       0.82      0.87      0.84        97
           8       1.00      0.86      0.93        87
           9       0.98      0.82      0.89       112

    accuracy                           0.90      1000
   macro avg       0.91      0.90      0.91      1000
weighted avg       0.92      0.90      0.91      1000

f1score: 0.9057139164457829
