Accuracy: 0.903
[[ 95   1   0   0   0   1   0   0   0   0]
 [  0  94   0   1   0   0   0   0   0   0]
 [  1   6  98   0   1   0   1   4   0   0]
 [  0   2   0  99   0   0   0   1   1   0]
 [  0  11   1   0  82   0   1   0   0   0]
 [  1   1   0   7   0  87   1   0   0   0]
 [  0   5   0   0   0   0 101   0   0   0]
 [  0   9   0   0   1   0   0  84   0   3]
 [  0   6   0   6   0   1   0   2  72   0]
 [  0   2   0   0   4   0   0  15   0  91]]
              precision    recall  f1-score   support

           0       0.98      0.98      0.98        97
           1       0.69      0.99      0.81        95
           2       0.99      0.88      0.93       111
           3       0.88      0.96      0.92       103
           4       0.93      0.86      0.90        95
           5       0.98      0.90      0.94        97
           6       0.97      0.95      0.96       106
           7       0.79      0.87      0.83        97
           8       0.99      0.83      0.90        87
           9       0.97      0.81      0.88       112

    accuracy                           0.90      1000
   macro avg       0.92      0.90      0.90      1000
weighted avg       0.92      0.90      0.91      1000

f1score: 0.9053671959346351
