Accuracy: 0.899
[[ 95   1   0   0   0   1   0   0   0   0]
 [  0  94   0   1   0   0   0   0   0   0]
 [  1   6  99   0   1   0   1   3   0   0]
 [  0   2   1  98   0   0   0   1   1   0]
 [  0  11   2   0  82   0   0   0   0   0]
 [  1   1   0   7   0  87   1   0   0   0]
 [  0   5   0   0   1   0 100   0   0   0]
 [  0   9   0   0   1   0   0  83   0   4]
 [  0   7   0   6   0   1   0   2  71   0]
 [  0   3   0   0   4   0   0  15   0  90]]
              precision    recall  f1-score   support

           0       0.98      0.98      0.98        97
           1       0.68      0.99      0.80        95
           2       0.97      0.89      0.93       111
           3       0.88      0.95      0.91       103
           4       0.92      0.86      0.89        95
           5       0.98      0.90      0.94        97
           6       0.98      0.94      0.96       106
           7       0.80      0.86      0.83        97
           8       0.99      0.82      0.89        87
           9       0.96      0.80      0.87       112

    accuracy                           0.90      1000
   macro avg       0.91      0.90      0.90      1000
weighted avg       0.91      0.90      0.90      1000

f1score: 0.901416128399135
