Accuracy: 0.893
[[96  0  0  0  0  1  0  0  0  0]
 [ 0 94  0  0  0  0  0  0  0  1]
 [ 1  6 98  1  1  0  0  4  0  0]
 [ 2  0  1 98  0  1  0  0  1  0]
 [ 0 12  2  0 81  0  0  0  0  0]
 [ 2  1  0  9  0 84  1  0  0  0]
 [ 2  7  0  0  0  0 97  0  0  0]
 [ 0  9  0  0  1  0  0 86  0  1]
 [ 0  6  1  5  0  2  0  0 73  0]
 [ 0  1  0  0  7  0  0 18  0 86]]
              precision    recall  f1-score   support

           0       0.93      0.99      0.96        97
           1       0.69      0.99      0.81        95
           2       0.96      0.88      0.92       111
           3       0.87      0.95      0.91       103
           4       0.90      0.85      0.88        95
           5       0.95      0.87      0.91        97
           6       0.99      0.92      0.95       106
           7       0.80      0.89      0.84        97
           8       0.99      0.84      0.91        87
           9       0.98      0.77      0.86       112

    accuracy                           0.89      1000
   macro avg       0.91      0.89      0.89      1000
weighted avg       0.91      0.89      0.89      1000

f1score: 0.8947191983852526
