Accuracy: 0.917
[[ 96   0   0   0   0   1   0   0   0   0]
 [  0  94   0   0   0   0   0   0   0   1]
 [  0   6 101   0   1   0   1   2   0   0]
 [  0   1   0  97   0   2   0   2   1   0]
 [  0  11   2   0  82   0   0   0   0   0]
 [  1   1   0   5   0  89   1   0   0   0]
 [  1   6   0   0   0   0  99   0   0   0]
 [  1  10   0   0   0   0   0  83   0   3]
 [  0   4   0   3   0   1   0   1  77   1]
 [  0   1   0   0   4   0   0   7   1  99]]
              precision    recall  f1-score   support

           0       0.97      0.99      0.98        97
           1       0.70      0.99      0.82        95
           2       0.98      0.91      0.94       111
           3       0.92      0.94      0.93       103
           4       0.94      0.86      0.90        95
           5       0.96      0.92      0.94        97
           6       0.98      0.93      0.96       106
           7       0.87      0.86      0.86        97
           8       0.97      0.89      0.93        87
           9       0.95      0.88      0.92       112

    accuracy                           0.92      1000
   macro avg       0.93      0.92      0.92      1000
weighted avg       0.93      0.92      0.92      1000

f1score: 0.9189661607019403
