Accuracy: 0.8877755511022044
[[ 94   2   0   0   0   1   0   0   0   0]
 [  0  95   0   0   0   0   0   0   0   0]
 [  2   9  92   1   0   0   2   4   1   0]
 [  0   1   1  98   0   0   0   2   1   0]
 [  0  11   0   0  76   0   2   1   0   5]
 [  0   1   0  10   0  83   1   0   0   0]
 [  1   4   0   0   0   0 102   0   0   0]
 [  0  11   0   0   2   0   0  86   0   0]
 [  2   3   0   3   0   2   0   1  72   4]
 [  0   4   0   0   8   0   0   9   0  88]]
              precision    recall  f1-score   support

           0       0.95      0.97      0.96        97
           1       0.67      1.00      0.81        95
           2       0.99      0.83      0.90       111
           3       0.88      0.95      0.91       103
           4       0.88      0.80      0.84        95
           5       0.97      0.87      0.92        95
           6       0.95      0.95      0.95       107
           7       0.83      0.87      0.85        99
           8       0.97      0.83      0.89        87
           9       0.91      0.81      0.85       109

    accuracy                           0.89       998
   macro avg       0.90      0.89      0.89       998
weighted avg       0.90      0.89      0.89       998

