Accuracy: 0.9148296593186372
[[ 95   1   0   0   0   1   0   0   0   0]
 [  0  93   0   0   0   1   0   0   0   1]
 [  2   4  99   2   0   0   0   3   1   0]
 [  1   1   2  92   0   1   0   2   3   1]
 [  0   8   0   0  81   0   1   3   0   2]
 [  0   0   0   6   0  86   1   0   2   0]
 [  0   4   0   0   0   0 103   0   0   0]
 [  0   5   0   0   2   0   0  91   0   1]
 [  1   4   2   4   0   1   0   0  74   1]
 [  0   0   0   0   1   0   0   9   0  99]]
              precision    recall  f1-score   support

           0       0.96      0.98      0.97        97
           1       0.78      0.98      0.87        95
           2       0.96      0.89      0.93       111
           3       0.88      0.89      0.89       103
           4       0.96      0.85      0.91        95
           5       0.96      0.91      0.93        95
           6       0.98      0.96      0.97       107
           7       0.84      0.92      0.88        99
           8       0.93      0.85      0.89        87
           9       0.94      0.91      0.93       109

    accuracy                           0.91       998
   macro avg       0.92      0.91      0.91       998
weighted avg       0.92      0.91      0.92       998

