Accuracy: 0.8847695390781564
[[95  1  0  0  0  1  0  0  0  0]
 [ 0 94  0  0  0  0  0  1  0  0]
 [ 2 10 96  0  0  0  0  3  0  0]
 [ 1  2  3 95  0  0  0  1  1  0]
 [ 0  9  0  0 84  1  0  1  0  0]
 [ 0  0  0 11  0 82  1  0  1  0]
 [ 3  4  0  0  0  1 99  0  0  0]
 [ 1 14  0  0  0  0  0 84  0  0]
 [ 2  7  3  5  0  2  0  1 67  0]
 [ 0  3  0  0  5  0  0 14  0 87]]
              precision    recall  f1-score   support

           0       0.91      0.98      0.95        97
           1       0.65      0.99      0.79        95
           2       0.94      0.86      0.90       111
           3       0.86      0.92      0.89       103
           4       0.94      0.88      0.91        95
           5       0.94      0.86      0.90        95
           6       0.99      0.93      0.96       107
           7       0.80      0.85      0.82        99
           8       0.97      0.77      0.86        87
           9       1.00      0.80      0.89       109

    accuracy                           0.88       998
   macro avg       0.90      0.88      0.89       998
weighted avg       0.90      0.88      0.89       998

