Accuracy: 0.9028056112224448
[[ 96   0   0   0   0   1   0   0   0   0]
 [  0  94   0   1   0   0   0   0   0   0]
 [  2   8  96   0   0   0   1   3   1   0]
 [  0   1   2  93   1   3   0   1   2   0]
 [  0   9   1   0  82   0   0   2   0   1]
 [  0   0   0   7   0  86   1   0   1   0]
 [  1   4   0   0   0   0 102   0   0   0]
 [  1  12   0   0   0   0   0  84   0   2]
 [  1   6   1   5   0   1   0   1  71   1]
 [  0   3   0   0   4   0   0   5   0  97]]
              precision    recall  f1-score   support

           0       0.95      0.99      0.97        97
           1       0.69      0.99      0.81        95
           2       0.96      0.86      0.91       111
           3       0.88      0.90      0.89       103
           4       0.94      0.86      0.90        95
           5       0.95      0.91      0.92        95
           6       0.98      0.95      0.97       107
           7       0.88      0.85      0.86        99
           8       0.95      0.82      0.88        87
           9       0.96      0.89      0.92       109

    accuracy                           0.90       998
   macro avg       0.91      0.90      0.90       998
weighted avg       0.91      0.90      0.90       998

