Accuracy: 0.8987975951903807
[[ 95   1   0   0   0   1   0   0   0   0]
 [  0  95   0   0   0   0   0   0   0   0]
 [  2  11  94   0   0   0   0   3   1   0]
 [  1   2   1  97   0   0   0   1   1   0]
 [  0   9   0   0  81   0   1   2   0   2]
 [  0   1   0   9   0  83   1   0   1   0]
 [  1   4   0   0   0   0 102   0   0   0]
 [  0  12   0   0   0   0   0  87   0   0]
 [  2   5   1   4   0   2   0   3  70   0]
 [  0   4   0   0   1   0   0  11   0  93]]
              precision    recall  f1-score   support

           0       0.94      0.98      0.96        97
           1       0.66      1.00      0.79        95
           2       0.98      0.85      0.91       111
           3       0.88      0.94      0.91       103
           4       0.99      0.85      0.92        95
           5       0.97      0.87      0.92        95
           6       0.98      0.95      0.97       107
           7       0.81      0.88      0.84        99
           8       0.96      0.80      0.88        87
           9       0.98      0.85      0.91       109

    accuracy                           0.90       998
   macro avg       0.91      0.90      0.90       998
weighted avg       0.92      0.90      0.90       998

