Accuracy: 0.9108216432865731
[[ 95   1   0   0   0   1   0   0   0   0]
 [  0  94   0   1   0   0   0   0   0   0]
 [  2  10  94   0   0   0   0   4   1   0]
 [  0   1   1  97   0   0   0   2   2   0]
 [  0   9   0   0  82   0   0   2   0   2]
 [  0   0   0   8   0  86   1   0   0   0]
 [  0   4   0   0   0   0 103   0   0   0]
 [  0  11   0   0   1   0   0  87   0   0]
 [  1   6   0   3   0   1   0   1  72   3]
 [  0   3   0   0   2   0   0   5   0  99]]
              precision    recall  f1-score   support

           0       0.97      0.98      0.97        97
           1       0.68      0.99      0.80        95
           2       0.99      0.85      0.91       111
           3       0.89      0.94      0.92       103
           4       0.96      0.86      0.91        95
           5       0.98      0.91      0.94        95
           6       0.99      0.96      0.98       107
           7       0.86      0.88      0.87        99
           8       0.96      0.83      0.89        87
           9       0.95      0.91      0.93       109

    accuracy                           0.91       998
   macro avg       0.92      0.91      0.91       998
weighted avg       0.92      0.91      0.91       998

