Accuracy: 0.9038076152304609
[[ 94   2   0   0   0   1   0   0   0   0]
 [  0  94   0   1   0   0   0   0   0   0]
 [  2  11  93   0   0   0   1   3   1   0]
 [  0   2   1  98   0   0   0   1   1   0]
 [  0  10   0   0  83   0   0   0   0   2]
 [  0   0   0   8   0  86   1   0   0   0]
 [  1   4   0   0   0   0 102   0   0   0]
 [  0  11   0   0   1   0   0  87   0   0]
 [  2   6   0   4   1   1   0   0  72   1]
 [  0   3   0   0   3   0   0  10   0  93]]
              precision    recall  f1-score   support

           0       0.95      0.97      0.96        97
           1       0.66      0.99      0.79        95
           2       0.99      0.84      0.91       111
           3       0.88      0.95      0.92       103
           4       0.94      0.87      0.91        95
           5       0.98      0.91      0.94        95
           6       0.98      0.95      0.97       107
           7       0.86      0.88      0.87        99
           8       0.97      0.83      0.89        87
           9       0.97      0.85      0.91       109

    accuracy                           0.90       998
   macro avg       0.92      0.90      0.91       998
weighted avg       0.92      0.90      0.91       998

