Accuracy: 0.8997995991983968
[[ 94   2   0   0   0   1   0   0   0   0]
 [  0  94   0   1   0   0   0   0   0   0]
 [  1  10  95   0   0   0   1   3   1   0]
 [  0   1   2  97   0   0   0   1   2   0]
 [  0  10   2   0  79   0   0   1   0   3]
 [  1   1   0   8   0  84   1   0   0   0]
 [  0   4   0   0   0   0 103   0   0   0]
 [  0   9   0   0   2   0   0  86   0   2]
 [  2   6   0   3   0   1   0   0  73   2]
 [  0   4   0   0   7   0   0   5   0  93]]
              precision    recall  f1-score   support

           0       0.96      0.97      0.96        97
           1       0.67      0.99      0.80        95
           2       0.96      0.86      0.90       111
           3       0.89      0.94      0.92       103
           4       0.90      0.83      0.86        95
           5       0.98      0.88      0.93        95
           6       0.98      0.96      0.97       107
           7       0.90      0.87      0.88        99
           8       0.96      0.84      0.90        87
           9       0.93      0.85      0.89       109

    accuracy                           0.90       998
   macro avg       0.91      0.90      0.90       998
weighted avg       0.91      0.90      0.90       998

