Accuracy: 0.8967935871743486
[[ 94   2   0   0   0   1   0   0   0   0]
 [  0  94   0   1   0   0   0   0   0   0]
 [  2   9  93   1   0   0   1   4   1   0]
 [  0   0   1 100   0   0   0   1   1   0]
 [  0  11   0   0  80   0   2   0   0   2]
 [  0   1   0   8   0  85   1   0   0   0]
 [  0   4   0   0   0   0 103   0   0   0]
 [  0  11   0   0   2   0   0  86   0   0]
 [  2   4   0   4   0   2   0   0  72   3]
 [  0   4   0   0   8   0   0   9   0  88]]
              precision    recall  f1-score   support

           0       0.96      0.97      0.96        97
           1       0.67      0.99      0.80        95
           2       0.99      0.84      0.91       111
           3       0.88      0.97      0.92       103
           4       0.89      0.84      0.86        95
           5       0.97      0.89      0.93        95
           6       0.96      0.96      0.96       107
           7       0.86      0.87      0.86        99
           8       0.97      0.83      0.89        87
           9       0.95      0.81      0.87       109

    accuracy                           0.90       998
   macro avg       0.91      0.90      0.90       998
weighted avg       0.91      0.90      0.90       998

