Accuracy: 0.9018036072144289
[[ 94   2   0   0   0   1   0   0   0   0]
 [  0  94   0   1   0   0   0   0   0   0]
 [  2   9  94   1   0   0   1   3   1   0]
 [  0   0   1  99   0   0   0   2   1   0]
 [  0  12   0   0  77   0   2   0   0   4]
 [  0   1   0   8   0  85   1   0   0   0]
 [  0   3   0   0   0   0 104   0   0   0]
 [  0   9   0   0   2   0   0  88   0   0]
 [  2   3   0   4   0   2   0   1  73   2]
 [  0   4   0   0   7   0   0   6   0  92]]
              precision    recall  f1-score   support

           0       0.96      0.97      0.96        97
           1       0.69      0.99      0.81        95
           2       0.99      0.85      0.91       111
           3       0.88      0.96      0.92       103
           4       0.90      0.81      0.85        95
           5       0.97      0.89      0.93        95
           6       0.96      0.97      0.97       107
           7       0.88      0.89      0.88        99
           8       0.97      0.84      0.90        87
           9       0.94      0.84      0.89       109

    accuracy                           0.90       998
   macro avg       0.91      0.90      0.90       998
weighted avg       0.91      0.90      0.90       998

