Accuracy: 0.927
[[ 94   1   0   0   0   1   1   0   0   0]
 [  0  93   0   0   0   1   0   0   0   1]
 [  1   1 102   1   0   0   0   4   1   1]
 [  1   0   0  98   0   1   0   0   3   0]
 [  0   8   0   0  83   1   1   0   0   2]
 [  1   0   0   6   0  89   1   0   0   0]
 [  1   5   0   0   0   0 100   0   0   0]
 [  0   3   1   0   1   0   0  88   0   4]
 [  0   3   0   1   1   2   0   1  79   0]
 [  0   1   0   0   1   0   0   9   0 101]]
              precision    recall  f1-score   support

           0       0.96      0.97      0.96        97
           1       0.81      0.98      0.89        95
           2       0.99      0.92      0.95       111
           3       0.92      0.95      0.94       103
           4       0.97      0.87      0.92        95
           5       0.94      0.92      0.93        97
           6       0.97      0.94      0.96       106
           7       0.86      0.91      0.88        97
           8       0.95      0.91      0.93        87
           9       0.93      0.90      0.91       112

    accuracy                           0.93      1000
   macro avg       0.93      0.93      0.93      1000
weighted avg       0.93      0.93      0.93      1000

f1score: 0.9275755622404762
