Accuracy: 0.9
[[ 96   0   0   0   0   1   0   0   0   0]
 [  0  94   0   0   0   0   0   1   0   0]
 [  1   5  99   1   1   0   0   4   0   0]
 [  2   0   0 100   0   0   0   0   1   0]
 [  0  10   1   0  83   0   0   0   0   1]
 [  2   1   0   8   0  85   1   0   0   0]
 [  3   6   0   0   0   0  97   0   0   0]
 [  0  10   1   0   1   0   0  85   0   0]
 [  1   6   0   5   0   3   0   1  71   0]
 [  0   1   0   0   7   0   0  14   0  90]]
              precision    recall  f1-score   support

           0       0.91      0.99      0.95        97
           1       0.71      0.99      0.82        95
           2       0.98      0.89      0.93       111
           3       0.88      0.97      0.92       103
           4       0.90      0.87      0.89        95
           5       0.96      0.88      0.91        97
           6       0.99      0.92      0.95       106
           7       0.81      0.88      0.84        97
           8       0.99      0.82      0.89        87
           9       0.99      0.80      0.89       112

    accuracy                           0.90      1000
   macro avg       0.91      0.90      0.90      1000
weighted avg       0.91      0.90      0.90      1000

f1score: 0.9015655477828363
