Accuracy: 0.924
[[ 96   0   0   0   0   1   0   0   0   0]
 [  0  95   0   0   0   0   0   0   0   0]
 [  0   5 102   0   1   0   1   2   0   0]
 [  0   1   0  99   0   1   0   1   1   0]
 [  0  10   2   0  82   0   0   0   0   1]
 [  1   1   0   5   0  89   1   0   0   0]
 [  2   5   0   0   0   0  99   0   0   0]
 [  1   8   0   0   0   0   0  86   0   2]
 [  1   4   0   3   0   1   0   1  76   1]
 [  0   1   0   0   5   0   0   5   1 100]]
              precision    recall  f1-score   support

           0       0.95      0.99      0.97        97
           1       0.73      1.00      0.84        95
           2       0.98      0.92      0.95       111
           3       0.93      0.96      0.94       103
           4       0.93      0.86      0.90        95
           5       0.97      0.92      0.94        97
           6       0.98      0.93      0.96       106
           7       0.91      0.89      0.90        97
           8       0.97      0.87      0.92        87
           9       0.96      0.89      0.93       112

    accuracy                           0.92      1000
   macro avg       0.93      0.92      0.92      1000
weighted avg       0.93      0.92      0.93      1000

f1score: 0.925345449536345
