Accuracy: 0.914
[[93  2  0  0  0  1  1  0  0  0]
 [ 0 93  0  0  0  1  0  0  0  1]
 [ 2  2 99  1  0  0  0  3  2  2]
 [ 1  0  1 96  0  1  0  1  3  0]
 [ 0  8  0  0 83  1  1  0  0  2]
 [ 0  0  0  6  0 90  0  0  1  0]
 [ 1  5  0  0  1  0 99  0  0  0]
 [ 0  2  1  0  1  0  0 90  0  3]
 [ 0  5  0  3  1  3  0  1 74  0]
 [ 0  0  0  0  4  0  0 11  0 97]]
              precision    recall  f1-score   support

           0       0.96      0.96      0.96        97
           1       0.79      0.98      0.88        95
           2       0.98      0.89      0.93       111
           3       0.91      0.93      0.92       103
           4       0.92      0.87      0.90        95
           5       0.93      0.93      0.93        97
           6       0.98      0.93      0.96       106
           7       0.85      0.93      0.89        97
           8       0.93      0.85      0.89        87
           9       0.92      0.87      0.89       112

    accuracy                           0.91      1000
   macro avg       0.92      0.91      0.91      1000
weighted avg       0.92      0.91      0.91      1000

f1score: 0.9145161059669744
