Accuracy: 0.92
[[ 96   0   0   0   0   1   0   0   0   0]
 [  0  95   0   0   0   0   0   0   0   0]
 [  0   6 100   0   1   0   1   2   1   0]
 [  0   1   0  99   0   1   0   1   1   0]
 [  0  10   2   0  82   0   0   0   0   1]
 [  1   1   0   4   0  90   1   0   0   0]
 [  1   5   0   0   0   0 100   0   0   0]
 [  1   8   0   0   0   0   0  85   0   3]
 [  1   5   0   2   0   1   0   1  76   1]
 [  0   1   0   0   5   0   0   8   1  97]]
              precision    recall  f1-score   support

           0       0.96      0.99      0.97        97
           1       0.72      1.00      0.84        95
           2       0.98      0.90      0.94       111
           3       0.94      0.96      0.95       103
           4       0.93      0.86      0.90        95
           5       0.97      0.93      0.95        97
           6       0.98      0.94      0.96       106
           7       0.88      0.88      0.88        97
           8       0.96      0.87      0.92        87
           9       0.95      0.87      0.91       112

    accuracy                           0.92      1000
   macro avg       0.93      0.92      0.92      1000
weighted avg       0.93      0.92      0.92      1000

f1score: 0.9214767052737691
