Accuracy: 0.905
[[ 96   0   0   0   0   1   0   0   0   0]
 [  0  94   0   0   0   0   0   0   0   1]
 [  0   6 100   0   2   0   1   2   0   0]
 [  0   1   0  98   0   1   0   1   2   0]
 [  0  10   1   0  83   0   0   0   0   1]
 [  2   0   0   8   0  86   1   0   0   0]
 [  1   5   0   0   0   0 100   0   0   0]
 [  0  11   0   0   1   0   0  84   0   1]
 [  0   7   0   7   0   1   0   2  69   1]
 [  0   2   0   0   4   0   0  11   0  95]]
              precision    recall  f1-score   support

           0       0.97      0.99      0.98        97
           1       0.69      0.99      0.81        95
           2       0.99      0.90      0.94       111
           3       0.87      0.95      0.91       103
           4       0.92      0.87      0.90        95
           5       0.97      0.89      0.92        97
           6       0.98      0.94      0.96       106
           7       0.84      0.87      0.85        97
           8       0.97      0.79      0.87        87
           9       0.96      0.85      0.90       112

    accuracy                           0.91      1000
   macro avg       0.92      0.90      0.91      1000
weighted avg       0.92      0.91      0.91      1000

f1score: 0.9069428489954373
