Accuracy: 0.9
[[ 95   1   0   0   0   1   0   0   0   0]
 [  0  94   0   1   0   0   0   0   0   0]
 [  1   6  98   0   1   0   1   4   0   0]
 [  0   1   0  98   0   0   0   2   2   0]
 [  0  11   1   0  83   0   0   0   0   0]
 [  1   1   0   7   0  87   1   0   0   0]
 [  0   6   0   0   0   0 100   0   0   0]
 [  0  10   0   0   1   0   0  83   0   3]
 [  0   5   0   4   1   1   0   3  73   0]
 [  0   3   0   0   5   0   0  15   0  89]]
              precision    recall  f1-score   support

           0       0.98      0.98      0.98        97
           1       0.68      0.99      0.81        95
           2       0.99      0.88      0.93       111
           3       0.89      0.95      0.92       103
           4       0.91      0.87      0.89        95
           5       0.98      0.90      0.94        97
           6       0.98      0.94      0.96       106
           7       0.78      0.86      0.81        97
           8       0.97      0.84      0.90        87
           9       0.97      0.79      0.87       112

    accuracy                           0.90      1000
   macro avg       0.91      0.90      0.90      1000
weighted avg       0.92      0.90      0.90      1000

f1score: 0.9025459320340387
