Accuracy: 0.922
[[ 94   1   0   0   0   1   1   0   0   0]
 [  0  93   0   0   0   1   0   1   0   0]
 [  1   2 100   1   0   0   0   6   0   1]
 [  0   0   0  98   0   1   0   0   3   1]
 [  0   8   0   0  83   0   1   0   0   3]
 [  1   1   0   6   0  88   1   0   0   0]
 [  2   5   0   0   0   0  99   0   0   0]
 [  0   2   1   0   1   0   0  88   0   5]
 [  0   2   0   1   1   3   0   1  79   0]
 [  0   1   0   0   1   0   0  10   0 100]]
              precision    recall  f1-score   support

           0       0.96      0.97      0.96        97
           1       0.81      0.98      0.89        95
           2       0.99      0.90      0.94       111
           3       0.92      0.95      0.94       103
           4       0.97      0.87      0.92        95
           5       0.94      0.91      0.92        97
           6       0.97      0.93      0.95       106
           7       0.83      0.91      0.87        97
           8       0.96      0.91      0.93        87
           9       0.91      0.89      0.90       112

    accuracy                           0.92      1000
   macro avg       0.93      0.92      0.92      1000
weighted avg       0.93      0.92      0.92      1000

f1score: 0.9227209065331156
