Accuracy: 0.916
[[96  0  0  0  0  1  0  0  0  0]
 [ 0 95  0  0  0  0  0  0  0  0]
 [ 0  7 99  0  1  0  1  2  1  0]
 [ 1  1  1 98  0  1  0  0  1  0]
 [ 0 10  2  0 80  0  0  0  0  3]
 [ 1  1  0  5  0 89  1  0  0  0]
 [ 0  6  0  0  1  0 99  0  0  0]
 [ 1  7  0  0  0  0  0 86  0  3]
 [ 0  3  0  5  0  1  0  0 77  1]
 [ 0  2  0  0  3  0  0  9  1 97]]
              precision    recall  f1-score   support

           0       0.97      0.99      0.98        97
           1       0.72      1.00      0.84        95
           2       0.97      0.89      0.93       111
           3       0.91      0.95      0.93       103
           4       0.94      0.84      0.89        95
           5       0.97      0.92      0.94        97
           6       0.98      0.93      0.96       106
           7       0.89      0.89      0.89        97
           8       0.96      0.89      0.92        87
           9       0.93      0.87      0.90       112

    accuracy                           0.92      1000
   macro avg       0.92      0.92      0.92      1000
weighted avg       0.92      0.92      0.92      1000

f1score: 0.9174070340250408
