Accuracy: 0.901
[[ 95   1   0   0   0   1   0   0   0   0]
 [  0  94   0   1   0   0   0   0   0   0]
 [  1   6  98   0   1   0   1   4   0   0]
 [  0   2   2  97   0   0   0   2   0   0]
 [  0  11   1   0  83   0   0   0   0   0]
 [  1   1   0   7   0  87   1   0   0   0]
 [  0   6   0   0   0   0 100   0   0   0]
 [  0  10   0   0   1   0   0  83   0   3]
 [  0   6   0   4   0   1   0   3  73   0]
 [  0   2   0   0   4   0   0  15   0  91]]
              precision    recall  f1-score   support

           0       0.98      0.98      0.98        97
           1       0.68      0.99      0.80        95
           2       0.97      0.88      0.92       111
           3       0.89      0.94      0.92       103
           4       0.93      0.87      0.90        95
           5       0.98      0.90      0.94        97
           6       0.98      0.94      0.96       106
           7       0.78      0.86      0.81        97
           8       1.00      0.84      0.91        87
           9       0.97      0.81      0.88       112

    accuracy                           0.90      1000
   macro avg       0.92      0.90      0.90      1000
weighted avg       0.92      0.90      0.90      1000

f1score: 0.90384400782113
