Accuracy: 0.889
[[95  1  0  0  0  1  0  0  0  0]
 [ 0 94  0  1  0  0  0  0  0  0]
 [ 1  8 93  1  0  0  2  4  1  1]
 [ 0  0  1 97  0  0  0  3  2  0]
 [ 0 12  0  0 82  0  0  0  0  1]
 [ 1  1  0  7  0 87  1  0  0  0]
 [ 2  7  0  0  0  0 97  0  0  0]
 [ 0 10  0  0  1  0  0 85  0  1]
 [ 1  5  0  3  0  2  0  4 71  1]
 [ 0  2  0  0  6  0  0 16  0 88]]
              precision    recall  f1-score   support

           0       0.95      0.98      0.96        97
           1       0.67      0.99      0.80        95
           2       0.99      0.84      0.91       111
           3       0.89      0.94      0.92       103
           4       0.92      0.86      0.89        95
           5       0.97      0.90      0.93        97
           6       0.97      0.92      0.94       106
           7       0.76      0.88      0.81        97
           8       0.96      0.82      0.88        87
           9       0.96      0.79      0.86       112

    accuracy                           0.89      1000
   macro avg       0.90      0.89      0.89      1000
weighted avg       0.91      0.89      0.89      1000

