Accuracy: 0.911
[[ 95   1   0   0   0   1   0   0   0   0]
 [  0  94   0   0   0   0   0   0   0   1]
 [  0   7 100   0   1   0   1   2   0   0]
 [  1   1   0  98   0   0   0   2   1   0]
 [  0  10   1   0  81   0   1   0   0   2]
 [  1   1   0   5   0  89   1   0   0   0]
 [  0   6   0   0   0   0 100   0   0   0]
 [  0   9   0   0   1   0   0  84   0   3]
 [  0   4   0   4   0   1   0   2  76   0]
 [  0   2   0   0   5   0   0  11   0  94]]
              precision    recall  f1-score   support

           0       0.98      0.98      0.98        97
           1       0.70      0.99      0.82        95
           2       0.99      0.90      0.94       111
           3       0.92      0.95      0.93       103
           4       0.92      0.85      0.89        95
           5       0.98      0.92      0.95        97
           6       0.97      0.94      0.96       106
           7       0.83      0.87      0.85        97
           8       0.99      0.87      0.93        87
           9       0.94      0.84      0.89       112

    accuracy                           0.91      1000
   macro avg       0.92      0.91      0.91      1000
weighted avg       0.92      0.91      0.91      1000

