Accuracy: 0.902
[[ 95   1   0   0   0   1   0   0   0   0]
 [  0  94   0   1   0   0   0   0   0   0]
 [  1   6  99   0   1   0   1   3   0   0]
 [  0   1   1  98   0   0   0   3   0   0]
 [  0  11   1   0  82   0   1   0   0   0]
 [  1   1   0   6   0  88   1   0   0   0]
 [  0   6   0   0   0   0 100   0   0   0]
 [  0   9   0   0   1   0   0  84   0   3]
 [  0   6   0   4   0   1   0   3  73   0]
 [  0   2   0   0   5   0   0  16   0  89]]
              precision    recall  f1-score   support

           0       0.98      0.98      0.98        97
           1       0.69      0.99      0.81        95
           2       0.98      0.89      0.93       111
           3       0.90      0.95      0.92       103
           4       0.92      0.86      0.89        95
           5       0.98      0.91      0.94        97
           6       0.97      0.94      0.96       106
           7       0.77      0.87      0.82        97
           8       1.00      0.84      0.91        87
           9       0.97      0.79      0.87       112

    accuracy                           0.90      1000
   macro avg       0.92      0.90      0.90      1000
weighted avg       0.92      0.90      0.90      1000

