Accuracy: 0.892
[[ 95   1   0   0   0   1   0   0   0   0]
 [  0  94   0   1   0   0   0   0   0   0]
 [  2   7  96   0   1   0   2   3   0   0]
 [  0   1   1  97   0   0   0   3   1   0]
 [  0  11   1   0  81   0   0   0   0   2]
 [  1   1   0   7   0  87   1   0   0   0]
 [  0   6   0   0   0   0 100   0   0   0]
 [  0   9   0   0   1   0   0  82   0   5]
 [  1   6   0   3   0   1   0   4  72   0]
 [  0   2   0   0   4   0   0  18   0  88]]
              precision    recall  f1-score   support

           0       0.96      0.98      0.97        97
           1       0.68      0.99      0.81        95
           2       0.98      0.86      0.92       111
           3       0.90      0.94      0.92       103
           4       0.93      0.85      0.89        95
           5       0.98      0.90      0.94        97
           6       0.97      0.94      0.96       106
           7       0.75      0.85      0.79        97
           8       0.99      0.83      0.90        87
           9       0.93      0.79      0.85       112

    accuracy                           0.89      1000
   macro avg       0.91      0.89      0.89      1000
weighted avg       0.91      0.89      0.89      1000

