Accuracy: 0.892
[[ 95   1   0   0   0   1   0   0   0   0]
 [  0  94   0   1   0   0   0   0   0   0]
 [  2   8  92   1   1   0   2   5   0   0]
 [  0   1   1  97   0   0   0   2   2   0]
 [  0  12   0   0  81   0   0   1   0   1]
 [  1   1   0   7   0  87   1   0   0   0]
 [  0   6   0   0   0   0 100   0   0   0]
 [  0   9   0   0   1   0   0  84   0   3]
 [  1   6   0   2   0   1   0   3  73   1]
 [  0   2   0   0   5   0   0  16   0  89]]
              precision    recall  f1-score   support

           0       0.96      0.98      0.97        97
           1       0.67      0.99      0.80        95
           2       0.99      0.83      0.90       111
           3       0.90      0.94      0.92       103
           4       0.92      0.85      0.89        95
           5       0.98      0.90      0.94        97
           6       0.97      0.94      0.96       106
           7       0.76      0.87      0.81        97
           8       0.97      0.84      0.90        87
           9       0.95      0.79      0.86       112

    accuracy                           0.89      1000
   macro avg       0.91      0.89      0.89      1000
weighted avg       0.91      0.89      0.89      1000

