Accuracy: 0.895
[[96  0  0  0  0  1  0  0  0  0]
 [ 0 94  0  0  0  0  0  1  0  0]
 [ 1  6 99  1  1  0  0  3  0  0]
 [ 2  0  0 99  0  1  0  0  1  0]
 [ 0 10  2  0 82  0  0  0  0  1]
 [ 2  1  0  9  0 84  1  0  0  0]
 [ 2  6  0  0  1  0 97  0  0  0]
 [ 0 11  0  0  1  0  0 84  0  1]
 [ 0  6  0  5  1  2  0  1 72  0]
 [ 0  1  0  0  8  0  0 15  0 88]]
              precision    recall  f1-score   support

           0       0.93      0.99      0.96        97
           1       0.70      0.99      0.82        95
           2       0.98      0.89      0.93       111
           3       0.87      0.96      0.91       103
           4       0.87      0.86      0.87        95
           5       0.95      0.87      0.91        97
           6       0.99      0.92      0.95       106
           7       0.81      0.87      0.84        97
           8       0.99      0.83      0.90        87
           9       0.98      0.79      0.87       112

    accuracy                           0.90      1000
   macro avg       0.91      0.90      0.90      1000
weighted avg       0.91      0.90      0.90      1000

f1score: 0.8967066078245642
