Accuracy: 0.886
[[95  1  0  0  0  1  0  0  0  0]
 [ 0 95  0  0  0  0  0  0  0  0]
 [ 1  9 91  2  1  0  2  4  1  0]
 [ 0  0  1 98  0  1  0  2  1  0]
 [ 0 12  1  0 80  0  1  0  0  1]
 [ 1  1  0  7  0 87  1  0  0  0]
 [ 0  7  0  0  0  0 99  0  0  0]
 [ 0  9  0  0  1  0  0 85  0  2]
 [ 1  7  0  3  0  3  0  4 68  1]
 [ 0  3  0  0  6  0  0 15  0 88]]
              precision    recall  f1-score   support

           0       0.97      0.98      0.97        97
           1       0.66      1.00      0.79        95
           2       0.98      0.82      0.89       111
           3       0.89      0.95      0.92       103
           4       0.91      0.84      0.87        95
           5       0.95      0.90      0.92        97
           6       0.96      0.93      0.95       106
           7       0.77      0.88      0.82        97
           8       0.97      0.78      0.87        87
           9       0.96      0.79      0.86       112

    accuracy                           0.89      1000
   macro avg       0.90      0.89      0.89      1000
weighted avg       0.90      0.89      0.89      1000

f1score: 0.8882796808296411
