Accuracy: 0.904
[[ 96   0   0   0   0   1   0   0   0   0]
 [  0  95   0   0   0   0   0   0   0   0]
 [  0   6 101   0   1   0   1   2   0   0]
 [  1   1   0  98   0   1   0   0   2   0]
 [  0  10   1   0  82   0   1   0   0   1]
 [  1   0   0   7   0  88   1   0   0   0]
 [  2   6   0   0   0   0  98   0   0   0]
 [  0  12   0   0   0   0   0  82   0   3]
 [  0   5   0   7   1   1   0   2  71   0]
 [  0   2   0   0   4   0   0  13   0  93]]
              precision    recall  f1-score   support

           0       0.96      0.99      0.97        97
           1       0.69      1.00      0.82        95
           2       0.99      0.91      0.95       111
           3       0.88      0.95      0.91       103
           4       0.93      0.86      0.90        95
           5       0.97      0.91      0.94        97
           6       0.97      0.92      0.95       106
           7       0.83      0.85      0.84        97
           8       0.97      0.82      0.89        87
           9       0.96      0.83      0.89       112

    accuracy                           0.90      1000
   macro avg       0.91      0.90      0.90      1000
weighted avg       0.92      0.90      0.91      1000

f1score: 0.9058677541293859
