Accuracy: 0.902
[[ 96   0   0   0   0   1   0   0   0   0]
 [  0  94   0   0   0   0   0   1   0   0]
 [  1   6  99   1   1   0   0   3   0   0]
 [  2   0   0 100   0   0   0   0   1   0]
 [  0  10   1   0  83   0   0   0   0   1]
 [  2   1   0   7   0  86   1   0   0   0]
 [  2   6   0   0   1   1  96   0   0   0]
 [  0  10   1   0   1   0   0  84   0   1]
 [  0   6   0   2   1   4   0   1  73   0]
 [  0   1   0   0   6   0   0  14   0  91]]
              precision    recall  f1-score   support

           0       0.93      0.99      0.96        97
           1       0.70      0.99      0.82        95
           2       0.98      0.89      0.93       111
           3       0.91      0.97      0.94       103
           4       0.89      0.87      0.88        95
           5       0.93      0.89      0.91        97
           6       0.99      0.91      0.95       106
           7       0.82      0.87      0.84        97
           8       0.99      0.84      0.91        87
           9       0.98      0.81      0.89       112

    accuracy                           0.90      1000
   macro avg       0.91      0.90      0.90      1000
weighted avg       0.91      0.90      0.90      1000

f1score: 0.9037175176331309
