Accuracy: 0.908
[[ 96   0   0   0   0   1   0   0   0   0]
 [  0  95   0   0   0   0   0   0   0   0]
 [  0   6 101   0   1   0   1   2   0   0]
 [  1   1   0  97   0   1   0   2   1   0]
 [  0  10   1   0  82   0   1   0   0   1]
 [  1   0   0   7   0  88   1   0   0   0]
 [  1   6   0   0   0   0  99   0   0   0]
 [  0  12   0   0   0   0   0  83   0   2]
 [  0   5   0   5   1   1   0   2  73   0]
 [  0   2   0   0   5   0   0  11   0  94]]
              precision    recall  f1-score   support

           0       0.97      0.99      0.98        97
           1       0.69      1.00      0.82        95
           2       0.99      0.91      0.95       111
           3       0.89      0.94      0.92       103
           4       0.92      0.86      0.89        95
           5       0.97      0.91      0.94        97
           6       0.97      0.93      0.95       106
           7       0.83      0.86      0.84        97
           8       0.99      0.84      0.91        87
           9       0.97      0.84      0.90       112

    accuracy                           0.91      1000
   macro avg       0.92      0.91      0.91      1000
weighted avg       0.92      0.91      0.91      1000

f1score: 0.9101075867820324
