Accuracy: 0.351
[[75  0  1  7  2  0 11  0  1  0]
 [ 0 46  7 26  2  1  2  0 11  0]
 [ 0 23 42  8  2  4  0 30  2  0]
 [ 0 29 15 33  6  1  0 16  3  0]
 [ 8 13  4 10 45  4  7  2  2  0]
 [ 3 15 18  8  5 14  7  5 21  1]
 [ 7  4 10  5 12 38 27  0  3  0]
 [ 2 34 16  4  3  0  1 37  0  0]
 [ 0 17 10 18  4  7  1  0 30  0]
 [ 2 32  5 15 31  0  6 18  1  2]]
              precision    recall  f1-score   support

           0       0.77      0.77      0.77        97
           1       0.22      0.48      0.30        95
           2       0.33      0.38      0.35       111
           3       0.25      0.32      0.28       103
           4       0.40      0.47      0.43        95
           5       0.20      0.14      0.17        97
           6       0.44      0.25      0.32       106
           7       0.34      0.38      0.36        97
           8       0.41      0.34      0.37        87
           9       0.67      0.02      0.03       112

    accuracy                           0.35      1000
   macro avg       0.40      0.36      0.34      1000
weighted avg       0.40      0.35      0.33      1000

f1score: 0.33414258873102587
