Accuracy: 0.896
[[ 94   2   0   0   0   1   0   0   0   0]
 [  0  94   0   1   0   0   0   0   0   0]
 [  1   8  95   0   1   0   2   4   0   0]
 [  0   1   0 100   0   0   0   1   1   0]
 [  0  11   2   0  79   0   0   0   0   3]
 [  0   1   0   6   0  89   1   0   0   0]
 [  0   5   0   0   0   0 101   0   0   0]
 [  0  11   0   0   1   0   0  83   0   2]
 [  0   5   0   5   0   3   0   2  70   2]
 [  0   3   0   0   3   0   0  15   0  91]]
              precision    recall  f1-score   support

           0       0.99      0.97      0.98        97
           1       0.67      0.99      0.80        95
           2       0.98      0.86      0.91       111
           3       0.89      0.97      0.93       103
           4       0.94      0.83      0.88        95
           5       0.96      0.92      0.94        97
           6       0.97      0.95      0.96       106
           7       0.79      0.86      0.82        97
           8       0.99      0.80      0.89        87
           9       0.93      0.81      0.87       112

    accuracy                           0.90      1000
   macro avg       0.91      0.90      0.90      1000
weighted avg       0.91      0.90      0.90      1000

f1score: 0.8984238001504795
