Accuracy: 0.889
[[ 94   2   0   0   0   1   0   0   0   0]
 [  0  94   0   1   0   0   0   0   0   0]
 [  2   7  94   1   0   0   1   6   0   0]
 [  0   1   0 101   0   0   0   1   0   0]
 [  1  10   0   0  80   0   1   0   0   3]
 [  0   1   0   8   0  88   0   0   0   0]
 [  1   7   0   0   0   0  98   0   0   0]
 [  0  12   0   0   1   0   0  82   0   2]
 [  0   4   0   6   0   2   0   4  70   1]
 [  0   3   0   0   5   0   0  16   0  88]]
              precision    recall  f1-score   support

           0       0.96      0.97      0.96        97
           1       0.67      0.99      0.80        95
           2       1.00      0.85      0.92       111
           3       0.86      0.98      0.92       103
           4       0.93      0.84      0.88        95
           5       0.97      0.91      0.94        97
           6       0.98      0.92      0.95       106
           7       0.75      0.85      0.80        97
           8       1.00      0.80      0.89        87
           9       0.94      0.79      0.85       112

    accuracy                           0.89      1000
   macro avg       0.91      0.89      0.89      1000
weighted avg       0.91      0.89      0.89      1000

f1score: 0.8916967833600314
