Accuracy: 0.894
[[96  0  0  0  0  1  0  0  0  0]
 [ 0 94  0  0  0  0  0  1  0  0]
 [ 2  6 98  1  1  0  0  3  0  0]
 [ 2  0  0 99  0  1  0  0  1  0]
 [ 0 10  2  0 82  0  0  0  0  1]
 [ 2  1  0  9  0 84  1  0  0  0]
 [ 2  6  0  0  1  1 96  0  0  0]
 [ 0 10  1  0  1  0  0 84  0  1]
 [ 0  6  0  5  0  1  0  2 73  0]
 [ 0  1  0  0  8  0  0 15  0 88]]
              precision    recall  f1-score   support

           0       0.92      0.99      0.96        97
           1       0.70      0.99      0.82        95
           2       0.97      0.88      0.92       111
           3       0.87      0.96      0.91       103
           4       0.88      0.86      0.87        95
           5       0.95      0.87      0.91        97
           6       0.99      0.91      0.95       106
           7       0.80      0.87      0.83        97
           8       0.99      0.84      0.91        87
           9       0.98      0.79      0.87       112

    accuracy                           0.89      1000
   macro avg       0.91      0.89      0.89      1000
weighted avg       0.91      0.89      0.90      1000

f1score: 0.8956190113511157
