Accuracy: 0.908
[[ 95   0   0   0   0   1   1   0   0   0]
 [  0  94   0   0   0   0   0   0   0   1]
 [  0   6 100   0   1   0   1   2   1   0]
 [  0   1   1  97   0   1   0   1   2   0]
 [  0  11   1   0  82   0   0   0   0   1]
 [  1   1   0   6   0  88   1   0   0   0]
 [  1   7   0   0   1   0  97   0   0   0]
 [  1   7   1   0   0   0   0  83   0   5]
 [  1   3   0   3   0   0   0   3  77   0]
 [  0   2   0   0   4   0   0  10   1  95]]
              precision    recall  f1-score   support

           0       0.96      0.98      0.97        97
           1       0.71      0.99      0.83        95
           2       0.97      0.90      0.93       111
           3       0.92      0.94      0.93       103
           4       0.93      0.86      0.90        95
           5       0.98      0.91      0.94        97
           6       0.97      0.92      0.94       106
           7       0.84      0.86      0.85        97
           8       0.95      0.89      0.92        87
           9       0.93      0.85      0.89       112

    accuracy                           0.91      1000
   macro avg       0.92      0.91      0.91      1000
weighted avg       0.92      0.91      0.91      1000

f1score: 0.9096532855495177
