Accuracy: 0.441
[[84  4  3  2  0  0  2  2  0  0]
 [ 0 89  1  0  4  0  0  0  1  0]
 [14  9 42 10  5 12  7 11  1  0]
 [10  1  8 64  0 11  1  3  3  2]
 [ 1 40  7  2 38  2  1  3  0  1]
 [14  2 11 27  7 21  3  6  5  1]
 [14  4 14  6 19  8 36  2  2  1]
 [ 9  4 23  0  5 15  7 26  2  6]
 [ 2  9  4 21 10  9  3  5 18  6]
 [ 1  6  9 10 10  9  2 17 25 23]]
              precision    recall  f1-score   support

           0       0.56      0.87      0.68        97
           1       0.53      0.94      0.68        95
           2       0.34      0.38      0.36       111
           3       0.45      0.62      0.52       103
           4       0.39      0.40      0.39        95
           5       0.24      0.22      0.23        97
           6       0.58      0.34      0.43       106
           7       0.35      0.27      0.30        97
           8       0.32      0.21      0.25        87
           9       0.57      0.21      0.30       112

    accuracy                           0.44      1000
   macro avg       0.43      0.44      0.41      1000
weighted avg       0.44      0.44      0.41      1000

f1score: 0.4143194131044479
