Accuracy: 0.47
[[79  3  2  3  0  1  3  6  0  0]
 [ 0 83  1  0 10  0  0  0  1  0]
 [16 14 36  9  3  8  6 15  4  0]
 [12  3  4 53  0 16  3  3  7  2]
 [ 1 28  4  1 55  2  1  2  0  1]
 [14  1 13 19  4 27  3  9  6  1]
 [13  4 11  5 18  6 43  3  2  1]
 [ 9  7 18  0  5 17  2 30  0  9]
 [ 1 10  6 17  9  6  2  3 24  9]
 [ 1  7 10 13  7  7  1 15 11 40]]
              precision    recall  f1-score   support

           0       0.54      0.81      0.65        97
           1       0.52      0.87      0.65        95
           2       0.34      0.32      0.33       111
           3       0.44      0.51      0.48       103
           4       0.50      0.58      0.53        95
           5       0.30      0.28      0.29        97
           6       0.67      0.41      0.51       106
           7       0.35      0.31      0.33        97
           8       0.44      0.28      0.34        87
           9       0.63      0.36      0.46       112

    accuracy                           0.47      1000
   macro avg       0.47      0.47      0.46      1000
weighted avg       0.48      0.47      0.46      1000

f1score: 0.45564684668973016
