Accuracy: 0.504
[[83  3  3  2  0  2  3  1  0  0]
 [ 0 85  1  0  8  0  0  0  1  0]
 [17  9 39  8  8  5  6 12  7  0]
 [11  3  0 57  1 16  5  3  4  3]
 [ 1 26  4  1 56  1  3  2  0  1]
 [11  1 11 23  4 29  5  7  5  1]
 [11  3  7  2 20  4 52  5  1  1]
 [ 9  6 21  0  3  9  4 37  1  7]
 [ 1  7  6 16  8  4  1  7 31  6]
 [ 1  6  7  8  3  8  1 25 18 35]]
              precision    recall  f1-score   support

           0       0.57      0.86      0.69        97
           1       0.57      0.89      0.70        95
           2       0.39      0.35      0.37       111
           3       0.49      0.55      0.52       103
           4       0.50      0.59      0.54        95
           5       0.37      0.30      0.33        97
           6       0.65      0.49      0.56       106
           7       0.37      0.38      0.38        97
           8       0.46      0.36      0.40        87
           9       0.65      0.31      0.42       112

    accuracy                           0.50      1000
   macro avg       0.50      0.51      0.49      1000
weighted avg       0.51      0.50      0.49      1000

f1score: 0.4890462520861154
