Accuracy: 0.509
[[81  4  3  1  0  3  1  4  0  0]
 [ 0 87  0  0  6  0  0  0  2  0]
 [15  7 41  8  9  4 12 11  4  0]
 [11  3  0 63  1 13  4  2  4  2]
 [ 1 27  5  1 56  0  1  3  0  1]
 [12  2 11 22  3 31  4  5  4  3]
 [10  4  8  2 24  5 46  6  1  0]
 [ 8  4 19  0  5  8  5 39  1  8]
 [ 2  7  4 19  8  4  1  6 27  9]
 [ 0  7  8  9  3  5  3 24 15 38]]
              precision    recall  f1-score   support

           0       0.58      0.84      0.68        97
           1       0.57      0.92      0.70        95
           2       0.41      0.37      0.39       111
           3       0.50      0.61      0.55       103
           4       0.49      0.59      0.53        95
           5       0.42      0.32      0.36        97
           6       0.60      0.43      0.50       106
           7       0.39      0.40      0.40        97
           8       0.47      0.31      0.37        87
           9       0.62      0.34      0.44       112

    accuracy                           0.51      1000
   macro avg       0.51      0.51      0.49      1000
weighted avg       0.51      0.51      0.49      1000

f1score: 0.4928319424163949
