Accuracy: 0.899
[[ 95   1   0   0   0   1   0   0   0   0]
 [  0  94   0   1   0   0   0   0   0   0]
 [  1   7  97   0   1   0   1   4   0   0]
 [  0   2   0  99   0   1   0   1   0   0]
 [  0  11   1   0  83   0   0   0   0   0]
 [  1   1   0   7   0  87   1   0   0   0]
 [  0   6   0   0   0   0 100   0   0   0]
 [  0   9   0   0   1   0   0  83   0   4]
 [  0   6   0   6   0   1   0   2  72   0]
 [  0   2   0   0   5   0   0  16   0  89]]
              precision    recall  f1-score   support

           0       0.98      0.98      0.98        97
           1       0.68      0.99      0.80        95
           2       0.99      0.87      0.93       111
           3       0.88      0.96      0.92       103
           4       0.92      0.87      0.90        95
           5       0.97      0.90      0.93        97
           6       0.98      0.94      0.96       106
           7       0.78      0.86      0.82        97
           8       1.00      0.83      0.91        87
           9       0.96      0.79      0.87       112

    accuracy                           0.90      1000
   macro avg       0.91      0.90      0.90      1000
weighted avg       0.91      0.90      0.90      1000

f1score: 0.9015593808350468
