Accuracy: 0.905
[[ 96   0   0   0   0   1   0   0   0   0]
 [  0  94   0   0   0   0   0   0   0   1]
 [  1   6 100   0   1   0   1   2   0   0]
 [  0   1   0  99   0   0   0   2   1   0]
 [  0  10   1   0  82   0   1   0   0   1]
 [  1   1   0   8   0  86   1   0   0   0]
 [  1   6   0   0   0   0  99   0   0   0]
 [  0  11   0   0   0   0   0  84   0   2]
 [  1   6   0   4   1   1   0   2  71   1]
 [  0   2   0   0   5   0   0  11   0  94]]
              precision    recall  f1-score   support

           0       0.96      0.99      0.97        97
           1       0.69      0.99      0.81        95
           2       0.99      0.90      0.94       111
           3       0.89      0.96      0.93       103
           4       0.92      0.86      0.89        95
           5       0.98      0.89      0.93        97
           6       0.97      0.93      0.95       106
           7       0.83      0.87      0.85        97
           8       0.99      0.82      0.89        87
           9       0.95      0.84      0.89       112

    accuracy                           0.91      1000
   macro avg       0.92      0.90      0.91      1000
weighted avg       0.92      0.91      0.91      1000

f1score: 0.9070910319253142
