Accuracy: 0.9
[[ 96   0   0   0   0   1   0   0   0   0]
 [  0  94   0   0   0   0   0   1   0   0]
 [  1   7  99   0   1   0   0   3   0   0]
 [  1   1   1 100   0   0   0   0   0   0]
 [  0  11   2   0  82   0   0   0   0   0]
 [  2   1   0   6   0  87   1   0   0   0]
 [  2   6   0   0   0   0  98   0   0   0]
 [  0  11   0   0   1   0   0  84   0   1]
 [  0   5   1   4   3   2   0   0  72   0]
 [  0   2   0   0   4   0   0  18   0  88]]
              precision    recall  f1-score   support

           0       0.94      0.99      0.96        97
           1       0.68      0.99      0.81        95
           2       0.96      0.89      0.93       111
           3       0.91      0.97      0.94       103
           4       0.90      0.86      0.88        95
           5       0.97      0.90      0.93        97
           6       0.99      0.92      0.96       106
           7       0.79      0.87      0.83        97
           8       1.00      0.83      0.91        87
           9       0.99      0.79      0.88       112

    accuracy                           0.90      1000
   macro avg       0.91      0.90      0.90      1000
weighted avg       0.92      0.90      0.90      1000

f1score: 0.9021592832724835
