Accuracy: 0.93
[[ 94   1   0   0   0   1   1   0   0   0]
 [  0  93   0   0   0   1   0   0   0   1]
 [  1   2 102   1   0   0   0   3   1   1]
 [  0   1   0  98   0   1   0   0   3   0]
 [  0   8   0   0  84   1   1   0   0   1]
 [  1   0   0   6   0  89   1   0   0   0]
 [  1   5   0   0   0   0 100   0   0   0]
 [  0   3   1   0   0   0   0  90   0   3]
 [  0   3   0   1   1   2   0   1  79   0]
 [  0   1   0   0   1   0   0   9   0 101]]
              precision    recall  f1-score   support

           0       0.97      0.97      0.97        97
           1       0.79      0.98      0.88        95
           2       0.99      0.92      0.95       111
           3       0.92      0.95      0.94       103
           4       0.98      0.88      0.93        95
           5       0.94      0.92      0.93        97
           6       0.97      0.94      0.96       106
           7       0.87      0.93      0.90        97
           8       0.95      0.91      0.93        87
           9       0.94      0.90      0.92       112

    accuracy                           0.93      1000
   macro avg       0.93      0.93      0.93      1000
weighted avg       0.93      0.93      0.93      1000

f1score: 0.9307594873658094
