Accuracy: 0.899
[[ 95   1   0   0   0   1   0   0   0   0]
 [  0  94   0   1   0   0   0   0   0   0]
 [  0   6 100   0   1   0   1   3   0   0]
 [  0   2   0  97   0   1   0   1   2   0]
 [  0  11   1   0  83   0   0   0   0   0]
 [  1   1   0   7   0  87   1   0   0   0]
 [  1   6   0   0   1   0  98   0   0   0]
 [  0  11   0   0   1   0   0  82   0   3]
 [  0   5   0   7   0   1   0   3  70   1]
 [  0   2   0   0   4   0   0  13   0  93]]
              precision    recall  f1-score   support

           0       0.98      0.98      0.98        97
           1       0.68      0.99      0.80        95
           2       0.99      0.90      0.94       111
           3       0.87      0.94      0.90       103
           4       0.92      0.87      0.90        95
           5       0.97      0.90      0.93        97
           6       0.98      0.92      0.95       106
           7       0.80      0.85      0.82        97
           8       0.97      0.80      0.88        87
           9       0.96      0.83      0.89       112

    accuracy                           0.90      1000
   macro avg       0.91      0.90      0.90      1000
weighted avg       0.91      0.90      0.90      1000

f1score: 0.9015537122335366
