Accuracy: 0.893
[[96  0  0  0  0  1  0  0  0  0]
 [ 0 94  0  0  0  0  0  1  0  0]
 [ 1  7 98  1  1  0  0  3  0  0]
 [ 1  1  1 98  0  1  0  1  0  0]
 [ 0 11  1  0 83  0  0  0  0  0]
 [ 2  1  0  6  0 87  1  0  0  0]
 [ 2  6  1  0  1  1 95  0  0  0]
 [ 0 11  0  0  1  0  0 84  0  1]
 [ 0  4  0  3  3  5  0  1 71  0]
 [ 0  2  0  0  6  0  0 17  0 87]]
              precision    recall  f1-score   support

           0       0.94      0.99      0.96        97
           1       0.69      0.99      0.81        95
           2       0.97      0.88      0.92       111
           3       0.91      0.95      0.93       103
           4       0.87      0.87      0.87        95
           5       0.92      0.90      0.91        97
           6       0.99      0.90      0.94       106
           7       0.79      0.87      0.82        97
           8       1.00      0.82      0.90        87
           9       0.99      0.78      0.87       112

    accuracy                           0.89      1000
   macro avg       0.91      0.89      0.89      1000
weighted avg       0.91      0.89      0.89      1000

f1score: 0.8949925116030272
