Accuracy: 0.92
[[ 94   2   0   0   0   1   0   0   0   0]
 [  0  94   0   1   0   0   0   0   0   0]
 [  0   6  99   1   1   0   1   3   0   0]
 [  0   1   0 101   0   1   0   0   0   0]
 [  0  11   2   0  81   0   0   0   0   1]
 [  1   0   0   4   0  91   1   0   0   0]
 [  0   6   0   0   0   0 100   0   0   0]
 [  1   8   0   0   0   0   0  85   0   3]
 [  1   3   0   3   0   1   0   0  79   0]
 [  0   2   0   0   3   0   0  10   1  96]]
              precision    recall  f1-score   support

           0       0.97      0.97      0.97        97
           1       0.71      0.99      0.82        95
           2       0.98      0.89      0.93       111
           3       0.92      0.98      0.95       103
           4       0.95      0.85      0.90        95
           5       0.97      0.94      0.95        97
           6       0.98      0.94      0.96       106
           7       0.87      0.88      0.87        97
           8       0.99      0.91      0.95        87
           9       0.96      0.86      0.91       112

    accuracy                           0.92      1000
   macro avg       0.93      0.92      0.92      1000
weighted avg       0.93      0.92      0.92      1000

f1score: 0.921845734196364
