Accuracy: 0.377
[[76  0  0  3  3  0 10  2  1  2]
 [ 0 25  3 22  4  6  0  6 27  2]
 [ 0  4 37  6  4  7  4 29 10 10]
 [ 1 18  5 31 10  2  0 14 12 10]
 [ 4  2  4  4 46  6  4  6 10  9]
 [ 1  8  8  4  8 16 10  8 24 10]
 [ 4  5  2  2  9 15 55  0  9  5]
 [ 2  6 25  9  2  6  0 32  5 10]
 [ 0 21  2  6  7  0  3  3 41  4]
 [ 2  3  6  6 28  5  5 24 15 18]]
              precision    recall  f1-score   support

           0       0.84      0.78      0.81        97
           1       0.27      0.26      0.27        95
           2       0.40      0.33      0.36       111
           3       0.33      0.30      0.32       103
           4       0.38      0.48      0.43        95
           5       0.25      0.16      0.20        97
           6       0.60      0.52      0.56       106
           7       0.26      0.33      0.29        97
           8       0.27      0.47      0.34        87
           9       0.23      0.16      0.19       112

    accuracy                           0.38      1000
   macro avg       0.38      0.38      0.38      1000
weighted avg       0.38      0.38      0.38      1000

f1score: 0.3750336138555063
