Accuracy: 0.383
[[85  0  1  4  3  0  4  0  0  0]
 [ 0 37  7 25  3  3  0  2 18  0]
 [ 0  6 45 16  2  7  3 29  3  0]
 [ 1 23  7 34  7  3  0 19  9  0]
 [ 5  4  6  5 55 10  4  1  4  1]
 [ 1 13 14  7  7 23  5  7 18  2]
 [ 6  7  5  6 14 21 39  1  7  0]
 [ 2  9 33 11  2  6  0 31  3  0]
 [ 0 25  5 11  5  5  2  1 32  1]
 [ 3  8 10 13 37  9  3 20  7  2]]
              precision    recall  f1-score   support

           0       0.83      0.88      0.85        97
           1       0.28      0.39      0.33        95
           2       0.34      0.41      0.37       111
           3       0.26      0.33      0.29       103
           4       0.41      0.58      0.48        95
           5       0.26      0.24      0.25        97
           6       0.65      0.37      0.47       106
           7       0.28      0.32      0.30        97
           8       0.32      0.37      0.34        87
           9       0.33      0.02      0.03       112

    accuracy                           0.38      1000
   macro avg       0.40      0.39      0.37      1000
weighted avg       0.40      0.38      0.37      1000

f1score: 0.36598514577447044
