Accuracy: 0.404
[[86  1  0  3  3  0  4  0  0  0]
 [ 0 41 10 16  5  0  0  2 21  0]
 [ 0 18 54  8  1  7  3 18  2  0]
 [ 2 21 17 35  6  1  0 11 10  0]
 [ 5  6  6  4 53  9  4  1  3  4]
 [ 1 15 17  7  5 10 14  5 20  3]
 [ 8  6  8  4 10  3 58  1  7  1]
 [ 2 16 43  3  3  7  0 20  3  0]
 [ 0 30  7  6  2  4  1  0 35  2]
 [ 4 17 10  8 32  3  4 17  5 12]]
              precision    recall  f1-score   support

           0       0.80      0.89      0.84        97
           1       0.24      0.43      0.31        95
           2       0.31      0.49      0.38       111
           3       0.37      0.34      0.36       103
           4       0.44      0.56      0.49        95
           5       0.23      0.10      0.14        97
           6       0.66      0.55      0.60       106
           7       0.27      0.21      0.23        97
           8       0.33      0.40      0.36        87
           9       0.55      0.11      0.18       112

    accuracy                           0.40      1000
   macro avg       0.42      0.41      0.39      1000
weighted avg       0.42      0.40      0.39      1000

f1score: 0.3877802519612354
