Accuracy: 0.437
[[85  0  1  5  3  0  3  0  0  0]
 [ 0 50  5 10  6  1  0  4 19  0]
 [ 0 11 56  9  1  2  4 25  3  0]
 [ 0 14 16 38  7  1  0 15 10  2]
 [ 7  6  4  2 53  7  4  3  3  6]
 [ 1 13 10  8  4 13 14  5 22  7]
 [ 7  1  3  3  7 15 53  1 13  3]
 [ 2 15 33  3  3  3  0 34  3  1]
 [ 0 26  4  6  1  9  3  0 37  1]
 [ 3  9 11  5 32  2  4 23  5 18]]
              precision    recall  f1-score   support

           0       0.81      0.88      0.84        97
           1       0.34      0.53      0.42        95
           2       0.39      0.50      0.44       111
           3       0.43      0.37      0.40       103
           4       0.45      0.56      0.50        95
           5       0.25      0.13      0.17        97
           6       0.62      0.50      0.55       106
           7       0.31      0.35      0.33        97
           8       0.32      0.43      0.37        87
           9       0.47      0.16      0.24       112

    accuracy                           0.44      1000
   macro avg       0.44      0.44      0.43      1000
weighted avg       0.44      0.44      0.42      1000

f1score: 0.42468929181522025
