Accuracy: 0.445
[[86  0  1  3  2  1  3  0  1  0]
 [ 0 51  2 15  5  2  5  4  9  2]
 [ 0 11 54 10  2  2  6 25  1  0]
 [ 0 20 12 42  6  0  1 14  6  2]
 [ 6  6  3  4 55  8  2  3  3  5]
 [ 1 11 15  2  3 10 21  9 16  9]
 [ 8  3  3  0  9 14 61  1  6  1]
 [ 2 15 33  6  2  2  1 35  1  0]
 [ 0 30  0  7  2  4  8  2 32  2]
 [ 3 12 13  5 29  1  5 22  3 19]]
              precision    recall  f1-score   support

           0       0.81      0.89      0.85        97
           1       0.32      0.54      0.40        95
           2       0.40      0.49      0.44       111
           3       0.45      0.41      0.43       103
           4       0.48      0.58      0.52        95
           5       0.23      0.10      0.14        97
           6       0.54      0.58      0.56       106
           7       0.30      0.36      0.33        97
           8       0.41      0.37      0.39        87
           9       0.47      0.17      0.25       112

    accuracy                           0.45      1000
   macro avg       0.44      0.45      0.43      1000
weighted avg       0.44      0.45      0.43      1000

f1score: 0.4291347478516741
