Accuracy: 0.325
[[45  0  0  8  8  0 10 16  7  3]
 [ 0 11  2 43  7  1  0 18 11  2]
 [ 0  8 34 16  1  0  5 41  3  3]
 [ 0 12  7 42  8  1  0 19  6  8]
 [ 4  2  4 11 44  8  7  2  6  7]
 [ 2  7 14  9  4 12 11  7 23  8]
 [ 4  0 10  4 11 18 50  0  6  3]
 [ 2 11 11 16  2  0  1 45  3  6]
 [ 0  4  7 24  2  6  2  7 31  4]
 [ 1 11  2 17 33  2  4 25  6 11]]
              precision    recall  f1-score   support

           0       0.78      0.46      0.58        97
           1       0.17      0.12      0.14        95
           2       0.37      0.31      0.34       111
           3       0.22      0.41      0.29       103
           4       0.37      0.46      0.41        95
           5       0.25      0.12      0.17        97
           6       0.56      0.47      0.51       106
           7       0.25      0.46      0.32        97
           8       0.30      0.36      0.33        87
           9       0.20      0.10      0.13       112

    accuracy                           0.33      1000
   macro avg       0.35      0.33      0.32      1000
weighted avg       0.35      0.33      0.32      1000

f1score: 0.32003023901945793
