Accuracy: 0.373
[[81  0  0  4  3  0  8  0  1  0]
 [ 0 51  1 28  2  2  0  0 11  0]
 [ 0 25 49  8  2  3  4 18  2  0]
 [ 0 31 13 40  5  0  1 10  3  0]
 [ 9 11  3 13 34 12  6  1  5  1]
 [ 3 17 18 10  3  6 13  4 21  2]
 [ 9  4 11  4  6  6 63  0  3  0]
 [ 2 38 36  1  2  2  2 14  0  0]
 [ 0 23  7 19  2  3  2  0 31  0]
 [ 3 30 16 17 21  7  3  6  5  4]]
              precision    recall  f1-score   support

           0       0.76      0.84      0.79        97
           1       0.22      0.54      0.31        95
           2       0.32      0.44      0.37       111
           3       0.28      0.39      0.32       103
           4       0.42      0.36      0.39        95
           5       0.15      0.06      0.09        97
           6       0.62      0.59      0.61       106
           7       0.26      0.14      0.19        97
           8       0.38      0.36      0.37        87
           9       0.57      0.04      0.07       112

    accuracy                           0.37      1000
   macro avg       0.40      0.38      0.35      1000
weighted avg       0.40      0.37      0.35      1000

f1score: 0.3483680218497098
