Accuracy: 0.376
[[77  0  0  5  1  0 13  0  1  0]
 [ 0 31 12 19  2  2  0  2 26  1]
 [ 0 10 68  7  2  3  4 10  7  0]
 [ 0 28 16 37  1  3  1  8  7  2]
 [ 7 11  5  3 32 12  9  3  4  9]
 [ 3 12 16  9  3 12 11  7 22  2]
 [ 8 11  4  2  9 17 51  0  3  1]
 [ 2 12 56  3  2  2  2 16  2  0]
 [ 0 28  3  8  2  4  3  0 37  2]
 [ 2 13 22  7 15  9  7 12 10 15]]
              precision    recall  f1-score   support

           0       0.78      0.79      0.79        97
           1       0.20      0.33      0.25        95
           2       0.34      0.61      0.43       111
           3       0.37      0.36      0.36       103
           4       0.46      0.34      0.39        95
           5       0.19      0.12      0.15        97
           6       0.50      0.48      0.49       106
           7       0.28      0.16      0.21        97
           8       0.31      0.43      0.36        87
           9       0.47      0.13      0.21       112

    accuracy                           0.38      1000
   macro avg       0.39      0.38      0.36      1000
weighted avg       0.39      0.38      0.36      1000

f1score: 0.36383350023917455
