Accuracy: 0.394
[[82  0  0  5  3  0  5  0  1  1]
 [ 0 33  0 23  3  2  0  2 30  2]
 [ 0 20 62  5  1  3  5 10  5  0]
 [ 1 12 20 39  2  3  0  8 16  2]
 [ 9  6  4  3 42 14  7  3  3  4]
 [ 1  6 14 11  5 12 10 10 26  2]
 [14 10  2  4 12 11 48  2  3  0]
 [ 2 28 42  2  3  2  1 16  1  0]
 [ 0 18  0  8  1  5  2  0 49  4]
 [ 3 15 18  9 27 11  2 13  3 11]]
              precision    recall  f1-score   support

           0       0.73      0.85      0.78        97
           1       0.22      0.35      0.27        95
           2       0.38      0.56      0.45       111
           3       0.36      0.38      0.37       103
           4       0.42      0.44      0.43        95
           5       0.19      0.12      0.15        97
           6       0.60      0.45      0.52       106
           7       0.25      0.16      0.20        97
           8       0.36      0.56      0.44        87
           9       0.42      0.10      0.16       112

    accuracy                           0.39      1000
   macro avg       0.39      0.40      0.38      1000
weighted avg       0.40      0.39      0.38      1000

f1score: 0.37582188411163414
