Accuracy: 0.372
[[77  0  0  5  3  0 11  0  1  0]
 [ 0 48  0 27  3  2  0  2 11  2]
 [ 0 23 46  7  2  3  4 24  2  0]
 [ 0 21 14 48  3  3  1  7  5  1]
 [ 7 10  7  1 44 13  4  4  2  3]
 [ 2 12 13 13  6 13  7  9 17  5]
 [14 10  2  3 12 16 43  3  3  0]
 [ 2 27 34  7  2  2  1 22  0  0]
 [ 0 35  0 12  2  4  2  1 27  4]
 [ 3 20 15  9 31  9  5 14  2  4]]
              precision    recall  f1-score   support

           0       0.73      0.79      0.76        97
           1       0.23      0.51      0.32        95
           2       0.35      0.41      0.38       111
           3       0.36      0.47      0.41       103
           4       0.41      0.46      0.43        95
           5       0.20      0.13      0.16        97
           6       0.55      0.41      0.47       106
           7       0.26      0.23      0.24        97
           8       0.39      0.31      0.34        87
           9       0.21      0.04      0.06       112

    accuracy                           0.37      1000
   macro avg       0.37      0.38      0.36      1000
weighted avg       0.37      0.37      0.35      1000

f1score: 0.35490375263622687
