Accuracy: 0.926
[[ 93   2   0   0   0   1   1   0   0   0]
 [  0  93   0   0   0   1   0   0   0   1]
 [  1   2 100   1   0   0   0   5   0   2]
 [  0   1   0  98   0   1   0   2   1   0]
 [  0   8   0   0  84   0   1   0   0   2]
 [  1   0   0   6   0  89   1   0   0   0]
 [  2   4   0   0   1   0  98   0   1   0]
 [  0   2   1   0   0   0   0  91   0   3]
 [  0   2   0   1   1   3   0   1  79   0]
 [  0   1   0   0   1   0   0   9   0 101]]
              precision    recall  f1-score   support

           0       0.96      0.96      0.96        97
           1       0.81      0.98      0.89        95
           2       0.99      0.90      0.94       111
           3       0.92      0.95      0.94       103
           4       0.97      0.88      0.92        95
           5       0.94      0.92      0.93        97
           6       0.97      0.92      0.95       106
           7       0.84      0.94      0.89        97
           8       0.98      0.91      0.94        87
           9       0.93      0.90      0.91       112

    accuracy                           0.93      1000
   macro avg       0.93      0.93      0.93      1000
weighted avg       0.93      0.93      0.93      1000

f1score: 0.9267492229605766
