Accuracy: 0.898
[[95  1  0  0  0  1  0  0  0  0]
 [ 0 94  0  0  0  0  0  1  0  0]
 [ 1  6 98  0  1  0  0  5  0  0]
 [ 1  1  1 97  0  1  0  1  1  0]
 [ 0 10  2  0 82  0  0  0  0  1]
 [ 2  1  0  6  0 87  1  0  0  0]
 [ 2  6  0  0  1  1 96  0  0  0]
 [ 0  9  1  0  1  0  0 86  0  0]
 [ 0  4  0  6  0  1  0  1 75  0]
 [ 0  2  0  0  4  0  0 18  0 88]]
              precision    recall  f1-score   support

           0       0.94      0.98      0.96        97
           1       0.70      0.99      0.82        95
           2       0.96      0.88      0.92       111
           3       0.89      0.94      0.92       103
           4       0.92      0.86      0.89        95
           5       0.96      0.90      0.93        97
           6       0.99      0.91      0.95       106
           7       0.77      0.89      0.82        97
           8       0.99      0.86      0.92        87
           9       0.99      0.79      0.88       112

    accuracy                           0.90      1000
   macro avg       0.91      0.90      0.90      1000
weighted avg       0.91      0.90      0.90      1000

f1score: 0.900133055562253
