Accuracy: 0.91
[[ 95   1   0   0   0   1   0   0   0   0]
 [  0  94   0   0   0   0   0   0   0   1]
 [  0   6  99   0   2   0   1   3   0   0]
 [  0   1   0  99   0   0   0   2   1   0]
 [  0  10   2   0  81   0   0   0   0   2]
 [  1   1   0   6   0  88   1   0   0   0]
 [  0   6   0   0   0   0 100   0   0   0]
 [  0   8   0   0   1   0   0  84   0   4]
 [  0   4   0   4   0   1   0   1  76   1]
 [  0   2   0   0   5   0   0  11   0  94]]
              precision    recall  f1-score   support

           0       0.99      0.98      0.98        97
           1       0.71      0.99      0.82        95
           2       0.98      0.89      0.93       111
           3       0.91      0.96      0.93       103
           4       0.91      0.85      0.88        95
           5       0.98      0.91      0.94        97
           6       0.98      0.94      0.96       106
           7       0.83      0.87      0.85        97
           8       0.99      0.87      0.93        87
           9       0.92      0.84      0.88       112

    accuracy                           0.91      1000
   macro avg       0.92      0.91      0.91      1000
weighted avg       0.92      0.91      0.91      1000

f1score: 0.9118816847678514
