Accuracy: 0.905
[[96  0  0  0  0  1  0  0  0  0]
 [ 0 94  0  0  0  0  0  0  0  1]
 [ 1  7 97  1  1  0  1  3  0  0]
 [ 0  1  0 99  0  1  0  1  1  0]
 [ 0 10  1  0 82  0  1  0  0  1]
 [ 1  1  0  7  0 87  1  0  0  0]
 [ 1  6  0  0  0  0 99  0  0  0]
 [ 0  9  0  0  0  0  0 85  0  3]
 [ 1  7  0  3  0  1  0  2 73  0]
 [ 0  2  0  0  4  0  0 13  0 93]]
              precision    recall  f1-score   support

           0       0.96      0.99      0.97        97
           1       0.69      0.99      0.81        95
           2       0.99      0.87      0.93       111
           3       0.90      0.96      0.93       103
           4       0.94      0.86      0.90        95
           5       0.97      0.90      0.93        97
           6       0.97      0.93      0.95       106
           7       0.82      0.88      0.85        97
           8       0.99      0.84      0.91        87
           9       0.95      0.83      0.89       112

    accuracy                           0.91      1000
   macro avg       0.92      0.91      0.91      1000
weighted avg       0.92      0.91      0.91      1000

f1score: 0.907199938566019
