Accuracy: 0.901
[[ 95   1   0   0   0   1   0   0   0   0]
 [  0  94   0   1   0   0   0   0   0   0]
 [  1   6  99   0   1   0   1   3   0   0]
 [  0   2   0 100   0   0   0   1   0   0]
 [  0  11   1   0  83   0   0   0   0   0]
 [  1   1   0   7   0  87   1   0   0   0]
 [  0   6   0   0   1   0  99   0   0   0]
 [  0   9   0   0   1   0   0  84   0   3]
 [  0   8   0   4   0   1   0   4  69   1]
 [  0   2   0   0   4   0   0  15   0  91]]
              precision    recall  f1-score   support

           0       0.98      0.98      0.98        97
           1       0.67      0.99      0.80        95
           2       0.99      0.89      0.94       111
           3       0.89      0.97      0.93       103
           4       0.92      0.87      0.90        95
           5       0.98      0.90      0.94        97
           6       0.98      0.93      0.96       106
           7       0.79      0.87      0.82        97
           8       1.00      0.79      0.88        87
           9       0.96      0.81      0.88       112

    accuracy                           0.90      1000
   macro avg       0.92      0.90      0.90      1000
weighted avg       0.92      0.90      0.90      1000

f1score: 0.9036688953584765
