Accuracy: 0.8978978978978979
[[95  1  0  0  0  1  0  0  0  0]
 [ 0 95  0  0  0  0  0  0  0  0]
 [ 1  7 95  2  0  0  3  2  0  1]
 [ 0  0  0 99  0  0  0  3  1  0]
 [ 0 11  2  0 78  0  0  0  0  4]
 [ 1  0  0  5  0 86  1  0  0  0]
 [ 3  5  0  0  0  0 97  0  0  0]
 [ 0 10  0  0  0  0  0 90  0  0]
 [ 1  6  0  6  0  3  0  2 68  3]
 [ 0  3  0  0  1  0  0 13  0 94]]
              precision    recall  f1-score   support

           0       0.94      0.98      0.96        97
           1       0.69      1.00      0.82        95
           2       0.98      0.86      0.91       111
           3       0.88      0.96      0.92       103
           4       0.99      0.82      0.90        95
           5       0.96      0.92      0.94        93
           6       0.96      0.92      0.94       105
           7       0.82      0.90      0.86       100
           8       0.99      0.76      0.86        89
           9       0.92      0.85      0.88       111

    accuracy                           0.90       999
   macro avg       0.91      0.90      0.90       999
weighted avg       0.91      0.90      0.90       999

