Accuracy: 0.91991991991992
[[ 94   1   0   0   0   2   0   0   0   0]
 [  0  93   0   0   0   1   0   1   0   0]
 [  1   3 101   0   0   0   0   5   0   1]
 [  0   0   0  98   0   1   0   3   1   0]
 [  0   8   0   0  82   1   1   1   0   2]
 [  2   0   0   4   0  85   1   0   1   0]
 [  3   4   0   0   1   0  97   0   0   0]
 [  0   3   1   0   1   0   0  93   0   2]
 [  0   6   0   4   0   3   0   1  74   1]
 [  0   1   0   0   0   0   0   8   0 102]]
              precision    recall  f1-score   support

           0       0.94      0.97      0.95        97
           1       0.78      0.98      0.87        95
           2       0.99      0.91      0.95       111
           3       0.92      0.95      0.94       103
           4       0.98      0.86      0.92        95
           5       0.91      0.91      0.91        93
           6       0.98      0.92      0.95       105
           7       0.83      0.93      0.88       100
           8       0.97      0.83      0.90        89
           9       0.94      0.92      0.93       111

    accuracy                           0.92       999
   macro avg       0.93      0.92      0.92       999
weighted avg       0.93      0.92      0.92       999

