Accuracy: 0.8978978978978979
[[96  0  0  0  0  1  0  0  0  0]
 [ 0 95  0  0  0  0  0  0  0  0]
 [ 2  9 96  1  1  0  0  2  0  0]
 [ 1  1  1 97  0  1  0  1  1  0]
 [ 0  8  1  0 85  0  0  0  0  1]
 [ 2  0  0  5  0 85  1  0  0  0]
 [ 4  4  0  1  0  0 96  0  0  0]
 [ 0  6  0  0  2  0  0 92  0  0]
 [ 1  7  0  7  1  4  0  1 67  1]
 [ 0  2  0  0  4  0  0 17  0 88]]
              precision    recall  f1-score   support

           0       0.91      0.99      0.95        97
           1       0.72      1.00      0.84        95
           2       0.98      0.86      0.92       111
           3       0.87      0.94      0.91       103
           4       0.91      0.89      0.90        95
           5       0.93      0.91      0.92        93
           6       0.99      0.91      0.95       105
           7       0.81      0.92      0.86       100
           8       0.99      0.75      0.85        89
           9       0.98      0.79      0.88       111

    accuracy                           0.90       999
   macro avg       0.91      0.90      0.90       999
weighted avg       0.91      0.90      0.90       999

