Accuracy: 0.9209209209209209
[[ 96   0   0   0   0   1   0   0   0   0]
 [  0  95   0   0   0   0   0   0   0   0]
 [  0   5 101   1   0   0   1   2   0   1]
 [  0   0   1  97   0   1   0   1   3   0]
 [  0  10   0   0  82   0   1   0   0   2]
 [  1   0   0   4   0  87   1   0   0   0]
 [  2   4   0   0   0   0  99   0   0   0]
 [  0   6   0   0   0   0   0  93   0   1]
 [  0   6   1   6   0   2   0   0  71   3]
 [  0   2   0   0   0   1   0   9   0  99]]
              precision    recall  f1-score   support

           0       0.97      0.99      0.98        97
           1       0.74      1.00      0.85        95
           2       0.98      0.91      0.94       111
           3       0.90      0.94      0.92       103
           4       1.00      0.86      0.93        95
           5       0.95      0.94      0.94        93
           6       0.97      0.94      0.96       105
           7       0.89      0.93      0.91       100
           8       0.96      0.80      0.87        89
           9       0.93      0.89      0.91       111

    accuracy                           0.92       999
   macro avg       0.93      0.92      0.92       999
weighted avg       0.93      0.92      0.92       999

