Accuracy: 0.9159159159159159
[[ 96   0   0   0   0   1   0   0   0   0]
 [  0  94   0   1   0   0   0   0   0   0]
 [  1   6 100   1   0   0   0   2   0   1]
 [  1   0   1  97   0   1   0   1   2   0]
 [  0  10   1   0  83   0   0   0   0   1]
 [  1   1   0   6   0  84   1   0   0   0]
 [  1   4   0   0   0   0 100   0   0   0]
 [  0   6   0   0   0   0   0  94   0   0]
 [  1   5   0   5   1   1   1   0  71   4]
 [  0   2   0   0   1   0   0  12   0  96]]
              precision    recall  f1-score   support

           0       0.95      0.99      0.97        97
           1       0.73      0.99      0.84        95
           2       0.98      0.90      0.94       111
           3       0.88      0.94      0.91       103
           4       0.98      0.87      0.92        95
           5       0.97      0.90      0.93        93
           6       0.98      0.95      0.97       105
           7       0.86      0.94      0.90       100
           8       0.97      0.80      0.88        89
           9       0.94      0.86      0.90       111

    accuracy                           0.92       999
   macro avg       0.92      0.92      0.92       999
weighted avg       0.93      0.92      0.92       999

