Accuracy: 0.918918918918919
[[96  0  0  0  0  1  0  0  0  0]
 [ 0 94  0  1  0  0  0  0  0  0]
 [ 1  6 99  1  1  0  1  2  0  0]
 [ 1  1  1 96  0  1  0  0  3  0]
 [ 0 10  1  0 82  0  0  0  0  2]
 [ 1  1  0  4  0 86  1  0  0  0]
 [ 2  4  0  0  0  0 99  0  0  0]
 [ 0  5  0  0  0  0  0 94  0  1]
 [ 1  5  0  7  1  1  0  0 73  1]
 [ 0  2  0  0  1  0  0  9  0 99]]
              precision    recall  f1-score   support

           0       0.94      0.99      0.96        97
           1       0.73      0.99      0.84        95
           2       0.98      0.89      0.93       111
           3       0.88      0.93      0.91       103
           4       0.96      0.86      0.91        95
           5       0.97      0.92      0.95        93
           6       0.98      0.94      0.96       105
           7       0.90      0.94      0.92       100
           8       0.96      0.82      0.88        89
           9       0.96      0.89      0.93       111

    accuracy                           0.92       999
   macro avg       0.93      0.92      0.92       999
weighted avg       0.93      0.92      0.92       999

