Accuracy: 0.9109109109109109
[[96  0  0  0  0  1  0  0  0  0]
 [ 0 94  0  1  0  0  0  0  0  0]
 [ 0  7 98  1  0  0  1  3  0  1]
 [ 0  1  0 98  0  0  0  1  3  0]
 [ 0 10  1  0 82  0  1  0  0  1]
 [ 1  1  0  4  0 86  1  0  0  0]
 [ 2  4  0  0  0  0 99  0  0  0]
 [ 0  9  0  0  0  0  0 91  0  0]
 [ 1  6  0  7  0  3  0  1 70  1]
 [ 0  2  0  0  1  0  0 12  0 96]]
              precision    recall  f1-score   support

           0       0.96      0.99      0.97        97
           1       0.70      0.99      0.82        95
           2       0.99      0.88      0.93       111
           3       0.88      0.95      0.92       103
           4       0.99      0.86      0.92        95
           5       0.96      0.92      0.94        93
           6       0.97      0.94      0.96       105
           7       0.84      0.91      0.87       100
           8       0.96      0.79      0.86        89
           9       0.97      0.86      0.91       111

    accuracy                           0.91       999
   macro avg       0.92      0.91      0.91       999
weighted avg       0.92      0.91      0.91       999

