Accuracy: 0.9049049049049049
[[95  1  0  0  0  1  0  0  0  0]
 [ 0 94  0  1  0  0  0  0  0  0]
 [ 2  7 96  1  1  0  1  3  0  0]
 [ 1  0  1 95  0  0  1  3  2  0]
 [ 0 10  1  0 80  0  1  0  0  3]
 [ 1  1  0  4  0 86  1  0  0  0]
 [ 2  4  0  0  0  0 99  0  0  0]
 [ 0  8  0  0  0  1  0 91  0  0]
 [ 1  6  0  4  0  2  0  1 72  3]
 [ 0  3  0  0  1  0  0 11  0 96]]
              precision    recall  f1-score   support

           0       0.93      0.98      0.95        97
           1       0.70      0.99      0.82        95
           2       0.98      0.86      0.92       111
           3       0.90      0.92      0.91       103
           4       0.98      0.84      0.90        95
           5       0.96      0.92      0.94        93
           6       0.96      0.94      0.95       105
           7       0.83      0.91      0.87       100
           8       0.97      0.81      0.88        89
           9       0.94      0.86      0.90       111

    accuracy                           0.90       999
   macro avg       0.92      0.90      0.91       999
weighted avg       0.92      0.90      0.91       999

