Accuracy: 0.9019019019019019
[[95  1  0  0  0  1  0  0  0  0]
 [ 0 95  0  0  0  0  0  0  0  0]
 [ 2  7 96  1  1  0  1  3  0  0]
 [ 1  0  0 96  0  0  1  3  2  0]
 [ 0 10  1  0 82  0  1  0  0  1]
 [ 1  1  0  4  0 86  1  0  0  0]
 [ 3  4  0  0  0  0 98  0  0  0]
 [ 0  9  0  0  0  0  0 91  0  0]
 [ 1  5  0  4  0  3  0  2 70  4]
 [ 0  3  0  0  1  0  0 15  0 92]]
              precision    recall  f1-score   support

           0       0.92      0.98      0.95        97
           1       0.70      1.00      0.83        95
           2       0.99      0.86      0.92       111
           3       0.91      0.93      0.92       103
           4       0.98      0.86      0.92        95
           5       0.96      0.92      0.94        93
           6       0.96      0.93      0.95       105
           7       0.80      0.91      0.85       100
           8       0.97      0.79      0.87        89
           9       0.95      0.83      0.88       111

    accuracy                           0.90       999
   macro avg       0.91      0.90      0.90       999
weighted avg       0.92      0.90      0.90       999

