Accuracy: 0.9039039039039038
[[ 95   1   0   0   0   1   0   0   0   0]
 [  0  95   0   0   0   0   0   0   0   0]
 [  2   7  95   1   1   0   2   2   1   0]
 [  1   0   1  96   0   0   0   3   2   0]
 [  0  11   1   0  80   0   0   0   0   3]
 [  1   1   0   4   0  86   1   0   0   0]
 [  1   4   0   0   0   0 100   0   0   0]
 [  0   8   0   0   0   1   0  91   0   0]
 [  1   6   0   6   0   3   0   2  67   4]
 [  0   3   0   0   1   0   0   9   0  98]]
              precision    recall  f1-score   support

           0       0.94      0.98      0.96        97
           1       0.70      1.00      0.82        95
           2       0.98      0.86      0.91       111
           3       0.90      0.93      0.91       103
           4       0.98      0.84      0.90        95
           5       0.95      0.92      0.93        93
           6       0.97      0.95      0.96       105
           7       0.85      0.91      0.88       100
           8       0.96      0.75      0.84        89
           9       0.93      0.88      0.91       111

    accuracy                           0.90       999
   macro avg       0.91      0.90      0.90       999
weighted avg       0.92      0.90      0.91       999

