Accuracy: 0.885
[[ 95   1   0   0   0   1   0   0   0   0]
 [  0  94   0   1   0   0   0   0   0   0]
 [  2   8  93   0   1   0   2   4   1   0]
 [  0   1   2  97   0   0   0   2   1   0]
 [  0  12   1   0  81   0   0   0   0   1]
 [  1   1   0   7   0  87   1   0   0   0]
 [  0   6   0   0   0   0 100   0   0   0]
 [  0  10   0   0   1   0   0  81   0   5]
 [  1   5   0   4   0   1   0   4  72   0]
 [  0   2   0   0   5   0   0  20   0  85]]
              precision    recall  f1-score   support

           0       0.96      0.98      0.97        97
           1       0.67      0.99      0.80        95
           2       0.97      0.84      0.90       111
           3       0.89      0.94      0.92       103
           4       0.92      0.85      0.89        95
           5       0.98      0.90      0.94        97
           6       0.97      0.94      0.96       106
           7       0.73      0.84      0.78        97
           8       0.97      0.83      0.89        87
           9       0.93      0.76      0.84       112

    accuracy                           0.89      1000
   macro avg       0.90      0.89      0.89      1000
weighted avg       0.90      0.89      0.89      1000

f1score: 0.8874550074666119
