Accuracy: 0.905
[[ 96   0   0   0   0   1   0   0   0   0]
 [  0  94   0   0   0   0   0   0   0   1]
 [  1   7  97   0   2   0   1   3   0   0]
 [  0   1   0 100   0   0   0   2   0   0]
 [  0  10   2   0  82   0   0   0   0   1]
 [  1   0   0   6   0  89   1   0   0   0]
 [  1   6   0   0   0   0  99   0   0   0]
 [  0  10   0   0   0   0   0  86   0   1]
 [  1   7   0   5   0   1   0   2  71   0]
 [  0   2   0   0   5   0   0  14   0  91]]
              precision    recall  f1-score   support

           0       0.96      0.99      0.97        97
           1       0.69      0.99      0.81        95
           2       0.98      0.87      0.92       111
           3       0.90      0.97      0.93       103
           4       0.92      0.86      0.89        95
           5       0.98      0.92      0.95        97
           6       0.98      0.93      0.96       106
           7       0.80      0.89      0.84        97
           8       1.00      0.82      0.90        87
           9       0.97      0.81      0.88       112

    accuracy                           0.91      1000
   macro avg       0.92      0.91      0.91      1000
weighted avg       0.92      0.91      0.91      1000

f1score: 0.907156655449638
