Accuracy: 0.901
[[ 95   1   0   0   0   1   0   0   0   0]
 [  0  94   0   1   0   0   0   0   0   0]
 [  1   8  99   0   1   0   1   1   0   0]
 [  0   2   1  98   0   0   0   2   0   0]
 [  0  11   2   0  82   0   0   0   0   0]
 [  1   1   0   6   0  88   1   0   0   0]
 [  0   6   0   0   0   0 100   0   0   0]
 [  0  10   0   0   1   0   0  83   0   3]
 [  0   5   0   4   0   1   0   3  74   0]
 [  0   2   0   0   5   0   0  17   0  88]]
              precision    recall  f1-score   support

           0       0.98      0.98      0.98        97
           1       0.67      0.99      0.80        95
           2       0.97      0.89      0.93       111
           3       0.90      0.95      0.92       103
           4       0.92      0.86      0.89        95
           5       0.98      0.91      0.94        97
           6       0.98      0.94      0.96       106
           7       0.78      0.86      0.82        97
           8       1.00      0.85      0.92        87
           9       0.97      0.79      0.87       112

    accuracy                           0.90      1000
   macro avg       0.92      0.90      0.90      1000
weighted avg       0.92      0.90      0.90      1000

f1score: 0.9036994218992032
