Accuracy: 0.9
[[94  0  0  1  0  2  0  0  0  0]
 [ 0 94  0  0  0  0  0  0  0  1]
 [ 1  3 98  1  0  0  1  4  2  1]
 [ 1  0  0 95  1  1  0  2  2  1]
 [ 0  9  0  0 80  0  1  0  0  5]
 [ 0  1  0  7  0 89  0  0  0  0]
 [ 1  6  0  0  0  1 98  0  0  0]
 [ 0  3  1  0  1  0  0 88  0  4]
 [ 0  3  0  5  0  3  1  3 68  4]
 [ 0  1  0  0  2  0  0 12  1 96]]
              precision    recall  f1-score   support

           0       0.97      0.97      0.97        97
           1       0.78      0.99      0.87        95
           2       0.99      0.88      0.93       111
           3       0.87      0.92      0.90       103
           4       0.95      0.84      0.89        95
           5       0.93      0.92      0.92        97
           6       0.97      0.92      0.95       106
           7       0.81      0.91      0.85        97
           8       0.93      0.78      0.85        87
           9       0.86      0.86      0.86       112

    accuracy                           0.90      1000
   macro avg       0.91      0.90      0.90      1000
weighted avg       0.91      0.90      0.90      1000

f1score: 0.9005493653764901
