Accuracy: 0.894
[[ 94   1   0   0   0   1   1   0   0   0]
 [  0  93   0   0   0   1   0   0   0   1]
 [  1   4 100   0   1   0   1   3   1   0]
 [  2   0   3  95   0   0   0   0   2   1]
 [  0  11   1   0  80   0   0   0   0   3]
 [  1   1   0   5   0  89   0   0   1   0]
 [  1   7   0   0   0   0  98   0   0   0]
 [  0   8   1   0   0   1   0  81   0   6]
 [  0   5   0   4   1   1   0   4  69   3]
 [  0   2   0   0   4   0   0  11   0  95]]
              precision    recall  f1-score   support

           0       0.95      0.97      0.96        97
           1       0.70      0.98      0.82        95
           2       0.95      0.90      0.93       111
           3       0.91      0.92      0.92       103
           4       0.93      0.84      0.88        95
           5       0.96      0.92      0.94        97
           6       0.98      0.92      0.95       106
           7       0.82      0.84      0.83        97
           8       0.95      0.79      0.86        87
           9       0.87      0.85      0.86       112

    accuracy                           0.89      1000
   macro avg       0.90      0.89      0.89      1000
weighted avg       0.90      0.89      0.90      1000

f1score: 0.8954075824408582
