Accuracy: 0.876
[[96  0  0  0  0  1  0  0  0  0]
 [ 0 94  0  0  0  0  0  0  0  1]
 [ 2  7 94  1  1  1  0  3  2  0]
 [ 0  2  2 95  0  0  0  1  2  1]
 [ 0 10  1  0 82  0  0  0  0  2]
 [ 1  1  0 10  0 84  0  0  1  0]
 [ 1  7  0  0  0  0 98  0  0  0]
 [ 0 12  0  0  0  1  0 79  1  4]
 [ 0  6  0  4  0  2  0  3 70  2]
 [ 0  1  0  0  6  0  0 21  0 84]]
              precision    recall  f1-score   support

           0       0.96      0.99      0.97        97
           1       0.67      0.99      0.80        95
           2       0.97      0.85      0.90       111
           3       0.86      0.92      0.89       103
           4       0.92      0.86      0.89        95
           5       0.94      0.87      0.90        97
           6       1.00      0.92      0.96       106
           7       0.74      0.81      0.77        97
           8       0.92      0.80      0.86        87
           9       0.89      0.75      0.82       112

    accuracy                           0.88      1000
   macro avg       0.89      0.88      0.88      1000
weighted avg       0.89      0.88      0.88      1000

f1score: 0.8780640651254031
