Accuracy: 0.886
[[95  1  0  0  0  1  0  0  0  0]
 [ 0 94  0  0  0  0  0  0  0  1]
 [ 1  7 95  1  1  1  2  3  0  0]
 [ 0  1  1 97  0  1  0  1  2  0]
 [ 0 10  1  0 80  0  0  0  0  4]
 [ 0  1  0  7  0 87  2  0  0  0]
 [ 0  7  0  0  0  0 99  0  0  0]
 [ 0 12  0  0  0  1  0 79  1  4]
 [ 0  6  0  3  1  2  0  3 70  2]
 [ 0  3  0  0  6  0  0 13  0 90]]
              precision    recall  f1-score   support

           0       0.99      0.98      0.98        97
           1       0.66      0.99      0.79        95
           2       0.98      0.86      0.91       111
           3       0.90      0.94      0.92       103
           4       0.91      0.84      0.87        95
           5       0.94      0.90      0.92        97
           6       0.96      0.93      0.95       106
           7       0.80      0.81      0.81        97
           8       0.96      0.80      0.88        87
           9       0.89      0.80      0.85       112

    accuracy                           0.89      1000
   macro avg       0.90      0.89      0.89      1000
weighted avg       0.90      0.89      0.89      1000

f1score: 0.8882260360820117
