Accuracy: 0.875
[[95  1  0  0  0  1  0  0  0  0]
 [ 0 94  0  0  0  0  0  0  0  1]
 [ 1  9 94  1  1  0  1  4  0  0]
 [ 0  1  1 97  0  0  1  1  2  0]
 [ 0 11  1  0 79  0  0  0  0  4]
 [ 1  1  0  8  0 86  1  0  0  0]
 [ 2  7  0  0  0  0 97  0  0  0]
 [ 0 14  0  0  0  1  0 77  1  4]
 [ 0  6  0  5  1  2  0  2 70  1]
 [ 0  3  0  0  7  0  0 15  1 86]]
              precision    recall  f1-score   support

           0       0.96      0.98      0.97        97
           1       0.64      0.99      0.78        95
           2       0.98      0.85      0.91       111
           3       0.87      0.94      0.91       103
           4       0.90      0.83      0.86        95
           5       0.96      0.89      0.92        97
           6       0.97      0.92      0.94       106
           7       0.78      0.79      0.79        97
           8       0.95      0.80      0.87        87
           9       0.90      0.77      0.83       112

    accuracy                           0.88      1000
   macro avg       0.89      0.88      0.88      1000
weighted avg       0.89      0.88      0.88      1000

f1score: 0.8775658873376155
