Accuracy: 0.917
[[ 96   0   0   0   0   1   0   0   0   0]
 [  0  94   0   0   0   0   0   0   0   1]
 [  0   5 101   0   1   0   1   2   1   0]
 [  0   1   1  99   0   1   0   0   1   0]
 [  0  10   2   0  81   0   0   0   0   2]
 [  1   0   0   4   0  91   1   0   0   0]
 [  3   5   0   0   0   0  98   0   0   0]
 [  1   9   0   0   0   0   0  84   0   3]
 [  0   5   0   4   0   1   0   1  75   1]
 [  0   1   0   0   4   0   0   8   1  98]]
              precision    recall  f1-score   support

           0       0.95      0.99      0.97        97
           1       0.72      0.99      0.84        95
           2       0.97      0.91      0.94       111
           3       0.93      0.96      0.94       103
           4       0.94      0.85      0.90        95
           5       0.97      0.94      0.95        97
           6       0.98      0.92      0.95       106
           7       0.88      0.87      0.87        97
           8       0.96      0.86      0.91        87
           9       0.93      0.88      0.90       112

    accuracy                           0.92      1000
   macro avg       0.92      0.92      0.92      1000
weighted avg       0.93      0.92      0.92      1000

f1score: 0.9182795536723413
