Accuracy: 0.423
[[52  0  5  3  1 19 15  2  0  0]
 [ 0 69  0  0 18  4  1  0  3  0]
 [ 9  4 32 11  5 10 13 14 11  2]
 [ 7  0  3 50  2 20  5  0 10  6]
 [ 0 26  5  4 45  3 10  2  0  0]
 [ 5  1  8 21  4 33  4  5 10  6]
 [11  1 11  5 24  6 41  4  2  1]
 [ 7  0  6  4  1 12  8 37  5 17]
 [ 2  5  4 19  5 13  2  4 20 13]
 [ 0  2  5  9  3  5  2 26 16 44]]
              precision    recall  f1-score   support

           0       0.56      0.54      0.55        97
           1       0.64      0.73      0.68        95
           2       0.41      0.29      0.34       111
           3       0.40      0.49      0.44       103
           4       0.42      0.47      0.44        95
           5       0.26      0.34      0.30        97
           6       0.41      0.39      0.40       106
           7       0.39      0.38      0.39        97
           8       0.26      0.23      0.24        87
           9       0.49      0.39      0.44       112

    accuracy                           0.42      1000
   macro avg       0.42      0.42      0.42      1000
weighted avg       0.43      0.42      0.42      1000

f1score: 0.4208255497546615
