Accuracy: 0.922
[[ 93   1   0   0   0   2   1   0   0   0]
 [  0  94   0   0   0   0   0   1   0   0]
 [  0   1 102   1   0   0   0   4   2   1]
 [  0   0   0  99   0   1   0   1   1   1]
 [  0   8   0   0  83   0   1   1   0   2]
 [  1   0   0   6   0  89   1   0   0   0]
 [  1   5   0   0   0   0 100   0   0   0]
 [  0   4   1   0   1   0   0  87   0   4]
 [  0   2   0   3   1   2   0   1  77   1]
 [  0   0   0   0   2   0   0  12   0  98]]
              precision    recall  f1-score   support

           0       0.98      0.96      0.97        97
           1       0.82      0.99      0.90        95
           2       0.99      0.92      0.95       111
           3       0.91      0.96      0.93       103
           4       0.95      0.87      0.91        95
           5       0.95      0.92      0.93        97
           6       0.97      0.94      0.96       106
           7       0.81      0.90      0.85        97
           8       0.96      0.89      0.92        87
           9       0.92      0.88      0.89       112

    accuracy                           0.92      1000
   macro avg       0.93      0.92      0.92      1000
weighted avg       0.93      0.92      0.92      1000

