Accuracy: 0.902
[[ 96   0   0   0   0   1   0   0   0   0]
 [  0  94   1   0   0   0   0   0   0   0]
 [  0   8  98   0   1   0   1   2   0   1]
 [  1   1   1  97   0   1   0   1   1   0]
 [  0  11   1   0  82   0   1   0   0   0]
 [  1   1   0   7   0  87   1   0   0   0]
 [  1   5   0   0   0   0 100   0   0   0]
 [  0  11   0   0   1   0   0  83   0   2]
 [  1   6   0   3   0   4   0   1  72   0]
 [  0   2   0   0   3   0   0  13   1  93]]
              precision    recall  f1-score   support

           0       0.96      0.99      0.97        97
           1       0.68      0.99      0.80        95
           2       0.97      0.88      0.92       111
           3       0.91      0.94      0.92       103
           4       0.94      0.86      0.90        95
           5       0.94      0.90      0.92        97
           6       0.97      0.94      0.96       106
           7       0.83      0.86      0.84        97
           8       0.97      0.83      0.89        87
           9       0.97      0.83      0.89       112

    accuracy                           0.90      1000
   macro avg       0.91      0.90      0.90      1000
weighted avg       0.92      0.90      0.90      1000

