Accuracy: 0.905
[[94  2  0  0  0  1  0  0  0  0]
 [ 0 94  0  1  0  0  0  0  0  0]
 [ 0  7 98  1  1  0  1  2  0  1]
 [ 0  1  0 98  0  0  0  2  2  0]
 [ 0 11  2  0 82  0  0  0  0  0]
 [ 1  1  0  6  0 88  1  0  0  0]
 [ 0  7  0  0  0  0 99  0  0  0]
 [ 0  9  0  0  1  0  0 84  0  3]
 [ 1  5  0  4  0  3  0  2 71  1]
 [ 0  2  0  0  4  0  0  9  0 97]]
              precision    recall  f1-score   support

           0       0.98      0.97      0.97        97
           1       0.68      0.99      0.80        95
           2       0.98      0.88      0.93       111
           3       0.89      0.95      0.92       103
           4       0.93      0.86      0.90        95
           5       0.96      0.91      0.93        97
           6       0.98      0.93      0.96       106
           7       0.85      0.87      0.86        97
           8       0.97      0.82      0.89        87
           9       0.95      0.87      0.91       112

    accuracy                           0.91      1000
   macro avg       0.92      0.90      0.91      1000
weighted avg       0.92      0.91      0.91      1000

