Accuracy: 0.898
[[ 95   1   0   0   0   1   0   0   0   0]
 [  0  94   0   1   0   0   0   0   0   0]
 [  1   7  97   1   1   0   1   2   0   1]
 [  0   1   1 100   0   0   0   1   0   0]
 [  0  11   1   0  82   0   1   0   0   0]
 [  1   1   0   6   0  88   1   0   0   0]
 [  1   8   0   0   0   0  97   0   0   0]
 [  0  11   0   0   1   0   0  83   0   2]
 [  1   6   0   4   1   1   0   2  72   0]
 [  0   3   0   0   5   0   0  14   0  90]]
              precision    recall  f1-score   support

           0       0.96      0.98      0.97        97
           1       0.66      0.99      0.79        95
           2       0.98      0.87      0.92       111
           3       0.89      0.97      0.93       103
           4       0.91      0.86      0.89        95
           5       0.98      0.91      0.94        97
           6       0.97      0.92      0.94       106
           7       0.81      0.86      0.83        97
           8       1.00      0.83      0.91        87
           9       0.97      0.80      0.88       112

    accuracy                           0.90      1000
   macro avg       0.91      0.90      0.90      1000
weighted avg       0.91      0.90      0.90      1000

