Accuracy: 0.906
[[ 95   1   0   0   0   1   0   0   0   0]
 [  0  95   0   0   0   0   0   0   0   0]
 [  2   8  94   1   1   0   2   3   0   0]
 [  0   1   1  99   0   0   0   1   1   0]
 [  0  11   1   0  81   0   1   0   0   1]
 [  1   1   0   5   0  89   1   0   0   0]
 [  0   6   0   0   0   0 100   0   0   0]
 [  0   9   0   0   1   0   0  84   0   3]
 [  1   5   0   3   0   1   0   3  73   1]
 [  0   3   0   0   4   0   0   9   0  96]]
              precision    recall  f1-score   support

           0       0.96      0.98      0.97        97
           1       0.68      1.00      0.81        95
           2       0.98      0.85      0.91       111
           3       0.92      0.96      0.94       103
           4       0.93      0.85      0.89        95
           5       0.98      0.92      0.95        97
           6       0.96      0.94      0.95       106
           7       0.84      0.87      0.85        97
           8       0.99      0.84      0.91        87
           9       0.95      0.86      0.90       112

    accuracy                           0.91      1000
   macro avg       0.92      0.91      0.91      1000
weighted avg       0.92      0.91      0.91      1000

