Accuracy: 0.898
[[ 95   1   0   0   0   1   0   0   0   0]
 [  0  95   0   0   0   0   0   0   0   0]
 [  2   7  94   1   1   0   2   4   0   0]
 [  0   0   3  98   0   0   0   2   0   0]
 [  0  12   1   0  81   0   1   0   0   0]
 [  1   1   0   5   0  89   1   0   0   0]
 [  0   5   0   0   0   0 101   0   0   0]
 [  0   9   0   0   0   0   0  85   0   3]
 [  1   6   0   3   0   3   0   3  71   0]
 [  0   2   0   0   5   0   0  16   0  89]]
              precision    recall  f1-score   support

           0       0.96      0.98      0.97        97
           1       0.69      1.00      0.82        95
           2       0.96      0.85      0.90       111
           3       0.92      0.95      0.93       103
           4       0.93      0.85      0.89        95
           5       0.96      0.92      0.94        97
           6       0.96      0.95      0.96       106
           7       0.77      0.88      0.82        97
           8       1.00      0.82      0.90        87
           9       0.97      0.79      0.87       112

    accuracy                           0.90      1000
   macro avg       0.91      0.90      0.90      1000
weighted avg       0.91      0.90      0.90      1000

