Accuracy: 0.89
[[ 95   1   0   0   0   1   0   0   0   0]
 [  0  94   0   1   0   0   0   0   0   0]
 [  2   8  92   1   1   0   2   5   0   0]
 [  0   0   2  98   0   0   0   2   1   0]
 [  0  12   1   0  80   0   1   0   0   1]
 [  1   1   0   7   0  87   1   0   0   0]
 [  0   6   0   0   0   0 100   0   0   0]
 [  0   8   0   0   1   0   0  84   0   4]
 [  1   7   0   4   0   3   0   2  69   1]
 [  0   2   0   0   6   0   0  13   0  91]]
              precision    recall  f1-score   support

           0       0.96      0.98      0.97        97
           1       0.68      0.99      0.80        95
           2       0.97      0.83      0.89       111
           3       0.88      0.95      0.92       103
           4       0.91      0.84      0.87        95
           5       0.96      0.90      0.93        97
           6       0.96      0.94      0.95       106
           7       0.79      0.87      0.83        97
           8       0.99      0.79      0.88        87
           9       0.94      0.81      0.87       112

    accuracy                           0.89      1000
   macro avg       0.90      0.89      0.89      1000
weighted avg       0.90      0.89      0.89      1000

