Accuracy: 0.898
[[95  1  0  0  0  1  0  0  0  0]
 [ 0 94  0  1  0  0  0  0  0  0]
 [ 1  6 98  0  1  0  1  4  0  0]
 [ 0  2  0 99  0  0  0  1  1  0]
 [ 0 11  1  0 83  0  0  0  0  0]
 [ 1  1  0  7  0 87  1  0  0  0]
 [ 0  7  0  0  0  0 99  0  0  0]
 [ 0 11  0  0  1  0  0 83  0  2]
 [ 0  6  0  5  1  1  0  2 71  1]
 [ 0  2  0  0  5  0  0 16  0 89]]
              precision    recall  f1-score   support

           0       0.98      0.98      0.98        97
           1       0.67      0.99      0.80        95
           2       0.99      0.88      0.93       111
           3       0.88      0.96      0.92       103
           4       0.91      0.87      0.89        95
           5       0.98      0.90      0.94        97
           6       0.98      0.93      0.96       106
           7       0.78      0.86      0.82        97
           8       0.99      0.82      0.89        87
           9       0.97      0.79      0.87       112

    accuracy                           0.90      1000
   macro avg       0.91      0.90      0.90      1000
weighted avg       0.91      0.90      0.90      1000

f1score: 0.9007957665714001
