Accuracy: 0.921
[[ 94   1   0   0   0   1   1   0   0   0]
 [  0  93   0   0   0   1   0   0   0   1]
 [  1   3 100   1   0   0   0   5   0   1]
 [  0   1   0 100   0   1   0   0   1   0]
 [  0   8   0   0  82   1   1   0   0   3]
 [  1   1   0   6   0  88   1   0   0   0]
 [  1   5   0   0   0   0 100   0   0   0]
 [  0   3   1   0   1   0   0  87   0   5]
 [  0   4   0   1   1   2   0   1  77   1]
 [  0   1   0   0   1   0   0  10   0 100]]
              precision    recall  f1-score   support

           0       0.97      0.97      0.97        97
           1       0.78      0.98      0.87        95
           2       0.99      0.90      0.94       111
           3       0.93      0.97      0.95       103
           4       0.96      0.86      0.91        95
           5       0.94      0.91      0.92        97
           6       0.97      0.94      0.96       106
           7       0.84      0.90      0.87        97
           8       0.99      0.89      0.93        87
           9       0.90      0.89      0.90       112

    accuracy                           0.92      1000
   macro avg       0.93      0.92      0.92      1000
weighted avg       0.93      0.92      0.92      1000

f1score: 0.9219449510975312
