Accuracy: 0.897
[[96  0  0  0  0  1  0  0  0  0]
 [ 0 94  0  0  0  0  0  0  0  1]
 [ 1  6 99  1  1  0  0  3  0  0]
 [ 2  0  1 99  0  1  0  0  0  0]
 [ 0 10  2  0 83  0  0  0  0  0]
 [ 2  1  0  8  0 85  1  0  0  0]
 [ 2  6  0  0  0  0 98  0  0  0]
 [ 0 10  1  0  1  0  0 84  0  1]
 [ 0  6  1  2  1  3  0  1 73  0]
 [ 0  2  0  0  7  0  0 17  0 86]]
              precision    recall  f1-score   support

           0       0.93      0.99      0.96        97
           1       0.70      0.99      0.82        95
           2       0.95      0.89      0.92       111
           3       0.90      0.96      0.93       103
           4       0.89      0.87      0.88        95
           5       0.94      0.88      0.91        97
           6       0.99      0.92      0.96       106
           7       0.80      0.87      0.83        97
           8       1.00      0.84      0.91        87
           9       0.98      0.77      0.86       112

    accuracy                           0.90      1000
   macro avg       0.91      0.90      0.90      1000
weighted avg       0.91      0.90      0.90      1000

f1score: 0.8985338142956061
