Accuracy: 0.888
[[95  1  0  0  0  1  0  0  0  0]
 [ 0 95  0  0  0  0  0  0  0  0]
 [ 1  6 96  2  0  0  2  3  0  1]
 [ 0  1  1 97  0  1  0  2  1  0]
 [ 0 11  1  0 78  0  1  0  0  4]
 [ 1  1  0  5  0 89  1  0  0  0]
 [ 1  7  0  0  0  0 98  0  0  0]
 [ 0 11  0  0  0  1  0 81  0  4]
 [ 0  4  0  3  0  3  0  5 71  1]
 [ 0  3  0  0  5  0  0 16  0 88]]
              precision    recall  f1-score   support

           0       0.97      0.98      0.97        97
           1       0.68      1.00      0.81        95
           2       0.98      0.86      0.92       111
           3       0.91      0.94      0.92       103
           4       0.94      0.82      0.88        95
           5       0.94      0.92      0.93        97
           6       0.96      0.92      0.94       106
           7       0.76      0.84      0.79        97
           8       0.99      0.82      0.89        87
           9       0.90      0.79      0.84       112

    accuracy                           0.89      1000
   macro avg       0.90      0.89      0.89      1000
weighted avg       0.90      0.89      0.89      1000

f1score: 0.8901093212926886
