Accuracy: 0.919
[[ 94   1   0   0   0   2   0   0   0   0]
 [  0  93   0   0   0   1   0   1   0   0]
 [  1   3 101   1   0   0   0   4   0   1]
 [  0   0   0  97   0   1   0   2   3   0]
 [  0   8   0   0  83   1   1   0   0   2]
 [  1   0   0   5   0  90   1   0   0   0]
 [  2   5   0   0   1   0  98   0   0   0]
 [  0   3   1   0   1   0   0  87   0   5]
 [  0   4   0   1   0   4   0   2  75   1]
 [  0   1   0   0   2   0   0   8   0 101]]
              precision    recall  f1-score   support

           0       0.96      0.97      0.96        97
           1       0.79      0.98      0.87        95
           2       0.99      0.91      0.95       111
           3       0.93      0.94      0.94       103
           4       0.95      0.87      0.91        95
           5       0.91      0.93      0.92        97
           6       0.98      0.92      0.95       106
           7       0.84      0.90      0.87        97
           8       0.96      0.86      0.91        87
           9       0.92      0.90      0.91       112

    accuracy                           0.92      1000
   macro avg       0.92      0.92      0.92      1000
weighted avg       0.92      0.92      0.92      1000

f1score: 0.9198300232848106
