Accuracy: 0.922
[[ 96   0   0   0   0   1   0   0   0   0]
 [  0  95   0   0   0   0   0   0   0   0]
 [  0   5 100   1   1   0   1   2   1   0]
 [  1   0   1  98   0   0   0   1   2   0]
 [  0  10   1   0  82   0   0   0   0   2]
 [  1   0   0   4   0  91   1   0   0   0]
 [  2   5   0   0   0   0  99   0   0   0]
 [  0   8   0   0   0   0   0  88   0   1]
 [  1   6   0   2   0   2   0   3  72   1]
 [  0   1   0   0   1   0   0   8   1 101]]
              precision    recall  f1-score   support

           0       0.95      0.99      0.97        97
           1       0.73      1.00      0.84        95
           2       0.98      0.90      0.94       111
           3       0.93      0.95      0.94       103
           4       0.98      0.86      0.92        95
           5       0.97      0.94      0.95        97
           6       0.98      0.93      0.96       106
           7       0.86      0.91      0.88        97
           8       0.95      0.83      0.88        87
           9       0.96      0.90      0.93       112

    accuracy                           0.92      1000
   macro avg       0.93      0.92      0.92      1000
weighted avg       0.93      0.92      0.92      1000

f1score: 0.9233315075132705
