Accuracy: 0.893
[[95  1  0  0  0  1  0  0  0  0]
 [ 0 94  0  1  0  0  0  0  0  0]
 [ 2  6 97  1  1  0  1  3  0  0]
 [ 1  0  0 95  0  1  1  3  2  0]
 [ 0 10  1  0 82  0  1  0  0  1]
 [ 1  1  0  5  0 89  1  0  0  0]
 [ 1  8  0  0  1  0 96  0  0  0]
 [ 0 12  0  0  0  1  0 80  0  4]
 [ 0  5  0  3  0  1  0  5 73  0]
 [ 0  2  0  0  5  0  0 12  1 92]]
              precision    recall  f1-score   support

           0       0.95      0.98      0.96        97
           1       0.68      0.99      0.80        95
           2       0.99      0.87      0.93       111
           3       0.90      0.92      0.91       103
           4       0.92      0.86      0.89        95
           5       0.96      0.92      0.94        97
           6       0.96      0.91      0.93       106
           7       0.78      0.82      0.80        97
           8       0.96      0.84      0.90        87
           9       0.95      0.82      0.88       112

    accuracy                           0.89      1000
   macro avg       0.90      0.89      0.89      1000
weighted avg       0.91      0.89      0.90      1000

f1score: 0.8954710820420314
